1 -1.35460025745385 -0.0618407872788184 -1.06402246634379 0.664928443447284 -0.75603825556534 2.5392336141464 0.402570936457156 1.75446380980749 0.918066599356536 2.38843573048711 -0.259242221476472 1.35765488090054 0.890936907031764 -1.8419509933862 -3.39014128903924 -1.85564424651403 -1.67483596516734 2.53574249193036 0.300512244094629 2.63333339112542 1.88642917606502 0.769596225338093 -0.912561104138266 0.317251395178123 0.772395383056878
2 -3.0179326794179 -2.1979067864863 -1.80471336961864 -2.26528729593633 -1.70497058246354 3.00988573219516 2.63586942311944 1.9893587180133 0.776365428381476 2.69761537633776 2.48959496830512 1.48866169239463 0.807074705364795 -1.62874086243058 -0.655220390688159 -1.48521948613478 -1.80847869483476 -0.186573382913431 1.25445338241685 1.04179530577353 0.370091667477107 -0.709228135108772 1.68597589774416 -0.00395133627230229 -0.19958350065475
3 0.831237822230063 2.11498515089344 2.33992415964968 -0.186189769938426 1.77583286917662 0.548367192894387 0.956331487304404 -0.920233802385694 1.27824000261491 1.45875032973796 1.12718454308872 1.63580294464809 1.31276637153383 1.92602513026221 1.53979317551721 -0.261998305473945 1.11240448179659 3.12219716146051 1.92938999291366 0.0677299935278308 1.7941560769405 -0.063579781232541 -0.575350580858431 -1.21459936639983 0.186907093112516
4 0.251097088847344 4.35333753905037 4.29481160558393 4.23466337142714 2.28890549669578 0.937743247477834 1.51704168589613 1.54732473167962 0.947486978152205 1.42106725727978 0.963727098670204 1.55080230077706 0.0213153806859162 0.760713186233142 1.21301189297555 1.70749546278502 0.582748509126139 1.2668303838288 1.61066300217239 2.14418770691436 0.8690145500373 1.50539672160494 1.03557437822883 2.86700967991319 1.17685821142339
5 0.462293465941329 -2.63907266525421 -3.28395076187515 -3.29225578885785 -2.14286183994697 -0.702847923448115 -1.39453505638759 -0.555820738307372 -0.691986114177678 -1.13609384511484 -1.04096963019363 -0.294969271741887 -0.972033445414297 0.0615577980049987 -0.674810296704689 -0.690887096414718 -1.44373353212441 2.46560592080477 1.63422529431634 1.67723742934579 1.04054488417233 -1.12371001531508 -0.692910781467212 -0.383295977122054 -1.50334908468774
6 0.844792223223237 2.66848597090805 1.95054989882387 2.69428859112503 2.49260269454041 -2.1096782615776 -1.34331777431425 -1.16499563011112 0.235579372206453 1.65565537941493 0.924933135602767 1.74807243413434 2.71354002547003 0.78942815243457 -0.681542798765466 -0.233126992551127 0.538039181534826 -1.33820904102812 -2.06619087849359 -1.77555452380247 -0.459365897798051 -1.14636066131373 -1.13406871508571 -0.994731596132723 0.783964519143422
7 -0.0419715243215621 4.23233095227686 2.74603131702915 2.71083739802816 3.15966179615765 3.50779541290623 2.3512238273223 2.31742241396069 2.9958338777174 1.81112126352178 1.74894033278414 0.849177198223551 0.775730712028059 2.85732524483547 1.71730956163433 1.4909729134329 1.47155789952014 0.916413939319244 1.41107383763808 1.11650468304884 1.60975499595481 2.44266535686474 2.27377959379939 0.969422357351296 0.789482263818683
8 -1.10557590570003 1.53703664321528 1.67250875133273 0.285562448974619 0.181356234408845 -0.716768726438241 -1.58883050995718 -0.992633745234384 -0.538558330257928 -0.0982558935669549 -0.741975964434659 -0.809564691073146 -0.922196851979576 -1.55490390656507 -1.67830963150053 -1.19037640492315 -0.900983278800829 -1.09258380659843 -1.63534439511348 -0.784373367732964 -1.11655238254442 -0.0350869062296423 -0.130099467934516 -0.312980105720666 0.526201873316652
9 0.563775652330874 1.92459501999834 3.23163435612788 2.24345558022334 2.43664469991581 -1.55719729184698 -0.39481296443527 -0.16212389233865 0.212485665036289 1.22601114164348 1.20874492265058 1.87853981167696 1.02854658746775 -0.852954115979423 0.208149394199579 0.475642872689067 -0.162217127693288 -0.785508479533918 -0.122366559099352 -0.189984513784508 0.370036320191672 -1.08745157918556 -0.590506506731201 0.393993517401092 -0.324927018007217
10 1.30336475581967 -0.658727031151513 0.218197467149436 0.579514216440054 -0.740509121828191 -0.559253334274141 -0.514326625862989 -0.208839659386536 -0.524404684265784 1.08784489493892 0.109866450127428 2.45710086983026 0.833944208086285 1.02322392396822 2.51644283549062 2.20318060338814 2.54674523663775 5.05922387896615 3.99293337248299 5.53302633181428 3.70158866069918 2.14126835143187 1.90913090754798 2.69049812129474 1.98267320104093
11 -1.50022093779466 -1.66699183167772 -1.70685068703615 -1.66261540180415 -0.862696205149992 1.00700065423011 0.662107774540513 0.237207752446796 0.319513675141172 1.24707458881719 0.894651996297342 1.02946970520263 0.996470584407159 -0.552889729759669 -1.09122633825194 -1.59217464359133 -0.599135929794185 -1.56869659503193 -0.154822201492296 -0.104172882631204 -0.712982529983089 -0.406364665757513 0.161543021370673 -1.04320995240785 0.781656823497831
12 -0.606989235119036 -0.777918981525898 0.449317580962238 -0.0610485356664905 -0.110295435410545 1.78659950350736 2.47347990294179 2.7131771035403 0.800933052284943 -1.23998977120691 0.156097631723075 -0.21024306128743 -0.176609152813849 0.678458063333579 0.133562613756937 0.16724904595714 -0.407762060253913 1.70112213007846 0.145495476393921 1.42382500045405 0.259980128857196 1.16357948440098 1.56207569925404 1.10942334438626 1.43958851882775
13 -0.292245065656577 2.8774802179369 1.38875182053068 0.673825307803427 0.426750312289612 1.99848103651816 2.00747796525304 1.59042026451186 0.918140714385801 3.91233244825619 2.19552518815785 2.07697951125612 2.11512423535061 1.62811999935317 1.78308945308352 2.3632622164453 0.110318674430839 2.64830132075418 1.96442137255649 2.07937247953952 1.56418855621753 0.513421122565824 -0.238611320505191 1.11643396226548 0.408934323360684
14 -1.2896833433236 -2.45787789382119 -0.459026998223305 -1.24260596880044 -0.506741835926479 0.126246403500725 -0.107822434441709 -0.099006443726771 0.306298333359255 -0.895544242815516 -0.883720411169195 -0.551391452810924 -0.0272598151468059 0.0584869773240536 0.899171396021925 0.173335939267408 0.168804263386982 -0.127394898443799 -0.53548551106718 -0.771492269470704 -0.306697838680277 -0.536448816222245 -0.226380182047929 -1.08549050144542 -0.000943146259104855
15 0.694105848774699 -0.3113728904178 1.13349368260254 0.328018719745181 0.84993203540474 -0.771640464089504 0.199778162371122 -0.229354931898219 -0.0954186184547401 -2.63916555924675 -1.00260337436966 -1.10380615784793 -1.3722351791946 0.45912551368854 0.697985051305003 0.619051451260354 -0.0568806515624912 0.797087658874324 1.4847560722294 0.768088559196255 0.684245688242857 0.292978577618604 0.748851398666769 -0.0419292752576775 0.296255861533677
16 -0.599181902897119 3.80003770437057 2.26755888903254 3.6765389903867 2.33708212052908 2.31851731020153 0.0755062530943502 1.66788775280485 2.35837834939407 0.503086732209476 0.233179255553861 0.663083112595232 0.668904126452001 2.46751074960467 2.00363773251706 3.02889198523169 3.54139203336509 2.57358966951503 1.19344092106568 2.53554281836552 2.27616038680069 2.60537898589616 1.48242541058592 3.29172559692052 2.29417427956497
17 1.25690664397164 -1.35031006976819 -0.682323851304788 -1.30899237789819 0.161670189980194 0.475055330877292 0.356108857762672 -0.381454874155595 1.7178209115007 2.80357426633472 3.19070826595356 2.97515473688783 2.35659731804429 1.00528519825861 -0.0161451742597081 0.44784214031073 0.395240848003784 -0.141505481917853 0.19335619476791 0.0299508629631754 1.04824293937128 -0.281361816299457 -0.067192334848037 -0.698404694570717 1.42183952011318
18 0.053508013627363 -0.357644226505619 -0.786120747333528 1.16172010650144 0.574729411921411 -0.539999304294137 -0.165122364132246 0.541632957471096 0.955332254196627 2.52727800090217 2.6639519855307 1.99584839658587 2.82573601039856 1.67292702154162 0.940508226078563 1.72389655726806 0.964753687336773 1.19585424286155 0.807208249066615 0.88374581101404 1.12573522141217 -3.33285662319117 -1.68444016739614 -2.46031264436548 -2.1386958951121
19 0.728092517671852 0.206397797719533 0.237973036515708 0.826379539822722 -0.873402763942582 -0.442148247669048 -0.544979523725055 -1.05200164879888 -1.42161192081141 2.3244394429698 2.96360755843845 2.47788730185248 0.563178969071027 2.3095269301077 0.733260932837287 1.48637252263668 0.865838241741623 -0.0422526876560706 1.22879898091237 0.347489620985841 -0.247469367829301 2.03384047754622 1.4599092769242 2.20131153879278 -0.0870970615950756
20 1.56109806821061 3.06960297449987 3.12329491172074 2.09618111788611 2.99983356688213 3.11505212157137 3.25668394039605 2.9965961385977 2.63902543220787 2.44052755158767 3.76777243871713 2.99387864265546 2.99566277971529 2.14050993614166 2.68662019058356 0.865882316401816 2.03714679181321 2.95285519680042 3.47303007516311 1.98702535380914 3.10518819028632 2.93030289801378 2.89911555687738 2.82061937877158 2.55255875210648
21 0.26562475359719 -0.518484952114841 0.868695450292707 -0.150804884660582 0.833227973101967 0.97089213244062 0.294192726553314 0.284212607061678 0.910132170157521 1.90949950936598 2.39898417731208 1.94788474435189 0.912481691975685 0.512115473006665 0.601748876708009 0.555549657792071 0.480770082303658 2.19559611762035 1.15638713569684 1.2472285627122 1.28708314050679 3.07311761065902 3.27653902139219 2.99668620130024 1.87872403108773
22 1.07672625920727 2.52553730072517 1.0042408477404 1.10474523149987 1.11761466013288 -0.506904291955923 0.734836964491255 -0.65895208140337 1.2646384760312 1.79562951207048 0.379007427122759 1.26813689767868 0.375850283377445 3.23829041692502 2.27054419703307 2.04691926121878 2.59684911473161 2.33065101289041 2.34195968455375 0.540680125990521 0.931964548673408 3.04864831182157 2.69977851370299 1.4224568517006 2.20210999115411
23 0.210697931679245 3.47177990909973 2.03239785970511 3.33336369702321 2.40127115216218 2.37261416992787 1.8413151256657 2.09361677647537 0.491399472499979 2.00662839423692 1.35134389022363 1.20109787709474 0.807881707064604 3.30417854740679 2.39928859246649 3.22921418980663 1.40608443998144 1.34419195852673 0.532677237324119 -0.44950444755538 -0.335908836494347 -0.917375057041368 -1.09801332762474 0.121636757976555 -0.903331907893052
24 -1.51167352582237 1.44475159081592 0.87234139538469 0.45609243715377 1.30154368979923 1.0799943886666 0.611375670559093 0.578533373775444 2.62548807794654 1.15159026298598 0.403943427612346 -0.122054184785651 1.57117799762724 2.29214392164127 0.777054628795069 0.395628240281049 1.62978938880539 -1.18254745310864 0.0535871287167923 -0.628509497147433 0.0750653174651583 -2.31779180272958 -1.93487936296308 -2.65421642062924 -1.47283714526078
25 0.022402259913625 -0.871497994354336 -0.731709141824724 -0.669272464155719 -1.12720244101781 2.05005274072576 1.23673594864087 1.7045016659206 0.307210626252712 0.204233763054718 -0.636563116012862 0.119447371886369 -0.241439358880891 1.51260931192921 1.12675171601758 1.58816709561492 0.492880071881559 -1.31153934904396 -1.44407607948639 -1.44930459763063 -1.36913528219248 -2.82305233415334 -1.26238826698787 -2.08396121223436 -1.74510101490686
26 0.718136206042103 0.696866326029653 -0.488016531377162 0.919419086140413 -0.295967847321083 -0.248791696936523 -0.455867848280939 -0.110375944648389 -0.487753758292324 2.95971223995702 2.49814017828828 2.77761190345316 2.02813071579853 0.517190656365736 -0.171987772027759 -0.387018653636935 -0.0333563407527517 -1.38133464592279 -0.560969244103274 -0.733915665374089 -1.95945694797705 3.37559246407201 1.74073353216569 1.76614916123925 1.5485325622717
27 0.48945701784227 3.48710034235069 2.12561699057236 1.71576254872646 1.01416035973502 5.20514104892335 4.47767285122589 2.26276230553039 2.66678983790709 1.08715867271461 1.28734036355216 0.02356452310326 0.544707264132308 2.64957028258384 1.40747428547751 -0.122485324978803 1.08952919651032 1.40578722127942 1.55291307793903 0.167053582001524 1.80086297071769 -1.06734125596656 -1.27588371574238 -2.00402315409369 -1.62020053133295
28 -0.17388834587827 -0.458645156907305 -0.798429348797634 -0.658408271339916 -0.749657328971155 1.65977014378022 2.4043878448899 1.61867027439932 1.35138504560832 -0.360048623470264 -0.847652304782228 0.281539404213152 0.326685660003763 1.03679461399894 1.22009579090441 0.902996896175062 1.77282536347783 0.638918520605336 1.24923200369583 0.954904143662043 1.38576374341236 0.168698687949337 0.49186038744941 0.0867136237065433 1.06056696629149
29 -1.2176994886684 -2.80547438123623 -0.635202733717766 -1.13637764917006 -1.84942686700593 -0.0846229602044323 1.34393742396253 0.76287865056483 0.615306541596202 1.41575602713438 0.240126656066951 0.367352890412522 -0.223733596878471 -2.64999287590015 -1.40087441875594 -1.37511259318976 -2.44361110696253 0.166548492479921 2.40273883905113 1.10774755436058 0.582216430183887 0.751991554036062 1.44733563708007 0.863807750596399 -0.47994012189302
30 0.646398368709462 -0.419728757756479 -0.970596249169763 -1.06746960923306 -0.879337303054856 1.99681919652466 2.06870725087031 0.890421014230246 1.7814074008081 1.82488083958456 0.230851690819809 0.534816017402382 1.42675901932621 -0.767427486244458 -0.350919351280506 -0.194291292287126 -0.138437444311105 -3.5910196822862 -2.26564594357682 -3.57342130395013 -0.715264023663522 -1.21035833802867 0.171484125525215 -0.0646177743045488 0.660386777419854
31 -0.91645602834789 -2.40478238717894 -2.68678457571444 -2.08717033558746 -1.78499396829293 1.6876297595727 1.86292649788009 2.42850266885816 1.05659548009622 -1.13063803454413 0.107043203880095 0.195109155033073 0.227656952573116 2.25248146704462 2.12557609718692 1.49622122078875 0.395012493297806 3.31391289718529 3.15726613399735 3.07401050441453 2.16486999500031 0.059635784771825 0.198250383269043 0.439392293187897 -0.809904259384127
32 -1.25182344242557 2.05066879616956 0.667763506794402 1.10693379067347 1.02126695544225 2.72829741248154 1.73980285920482 1.41720882015522 2.22047982042826 -0.43324708877181 0.0749975945567747 -0.517994445278548 0.456882358813202 1.94239359110785 1.1823624193323 0.73502599166044 1.26441558306283 -1.43405327184265 -0.594680490659913 -0.83794647260029 -0.0245142392682346 -1.19507694975239 -0.206227562648796 -0.85435221502492 -0.0873767016633554
33 0.594927718405501 2.33309492279171 -0.279225635576705 -0.284669955710366 0.0533075214158876 1.98833763459166 -0.75494936384344 -0.656944812498486 -0.711497609095079 2.30123013438743 -0.413572203645691 -0.158939219505498 -0.725496636388156 0.9968247188898 0.320900502996478 -1.08519595817056 0.458530152921336 0.610287245378881 0.473929826259186 -0.533071894583711 0.580238874938921 3.42101183774062 1.50983710777983 0.343344047927401 0.431547075215722
34 -1.23281066518983 2.06854646653828 0.617294718417197 1.22245548238523 1.9069729535332 1.03776172346722 -0.536464499771538 0.0359338195515042 1.96195293090107 2.98504296263882 1.70413535436237 2.24619233985861 1.54542891157147 2.23514121437795 0.644536334534354 0.844114127520368 1.89933223420008 -0.911633528137776 -0.891280929831427 -0.856148261099509 -0.337974936526794 1.80836158140449 1.72960021982991 1.65108571569323 2.03811469571038
35 0.244364414906138 0.874662157403769 0.703944158329126 1.09044614145178 1.296107887465 -0.856838421224384 -0.33626066187077 -0.383882022236282 -0.327273441555753 -0.654573856278233 0.406393863204315 -0.541925303764496 0.550936796694877 -0.111263210652598 0.661685226731679 0.482256625793992 0.94226293069819 4.2947993866162 3.97234167647788 4.00850034365533 3.74182576075653 3.3447138075486 3.24645732441951 3.29247853630873 3.46717084656289
36 0.00277218534359506 -2.7752039455837 -1.62728816058374 0.354049857466136 -0.605519717136877 1.01629159285776 0.685817366335932 3.13517330957834 -0.0453707440262607 1.2532784087548 1.53571567261291 3.29485589687122 1.39649547784222 0.110961905369515 0.498944649256729 2.33612414678034 1.00792782090425 -1.21077857997678 -1.30705522843575 0.683394020272525 -1.45037073966512 -0.664799406505631 -0.194070299133316 1.26979921827679 0.696097044365646
37 -1.32820968602556 -2.36981663307136 -1.34484409407292 -0.893025765554297 -1.77460912487835 -0.47480406973276 -0.362460493408131 0.795420788402886 -0.897145582521329 -2.50204955839041 -0.639257568938394 -0.634026877436125 -1.30230350042991 1.83048850588322 1.64807545911139 1.58462796755644 0.677412312448357 -1.69548938310524 -0.63043365330252 -0.677342995283614 -0.629036802983771 -1.22200334266494 -0.603472024417235 -0.66011977863646 -0.740820809306586
38 1.17969641183277 0.596782638894913 0.963866236979874 0.286233986898283 -0.899850061469005 1.54402484457413 1.81119589105635 1.11317168720456 0.44075899328366 -0.462878432255428 0.877880983060104 0.351530171117424 -0.220653824989993 0.996928062791731 1.16080986305779 1.36475127634026 -0.247273851427441 1.65969750130783 4.16110997423758 2.91793008257513 1.5315269234836 2.0090727744806 2.35434249212478 1.0872470466643 1.00952743600851
39 -0.592804999148929 -1.4711546768322 -1.43563193675263 -1.17214292089954 -0.827159076161901 2.00046737826665 1.55864452128214 0.842239480983687 1.90032049533996 -1.09309870328514 0.452172628233522 -0.271893312541699 0.000994651004611047 -0.362877888637502 -0.012934969024903 0.0728348616056802 1.14939580259214 -0.0608951247893718 0.49128163440771 -0.171844311481695 0.76080371646252 -0.820900548129557 -0.321739282263243 -0.778638456719582 0.0591596365185574
40 1.19997831633667 0.648634633922857 -0.273340533958505 1.1299262638191 1.50165375673952 0.897048697941872 0.787695038813858 1.52428189927772 1.32106893085465 0.419241933685961 1.0536291998328 1.50197535533386 0.923333447466521 2.67584499067702 1.25438260439936 0.960202934748368 1.01470308400018 2.80594373477055 2.44083363378649 2.10671129068077 1.65379931740199 1.95628093380058 0.757922891317633 2.1708350407315 2.50286129934801
41 -0.475033679612135 1.20002254641398 1.09126191882642 2.230278093728 1.72059705827593 2.38248743839569 2.01525793642313 2.05594076464683 0.836080421510472 -0.000222091750592179 -0.729045777163339 -0.438140776432696 -0.218450545428917 -1.24000398271458 -0.130780175718214 -1.0480384755459 -1.64600430657551 -0.964184107320935 -0.788517341994714 -1.41450682468308 -1.67365677773945 -1.68540927788057 -0.44352195279184 -0.401646617512371 -1.41833145667373
42 -0.575057096150816 -1.68806061483426 -1.43247236987023 -0.453028422385855 -1.30128799006514 -2.81845558462965 -1.68528576452554 -2.61118547523829 -1.9452824245634 -2.37893768602714 -1.17727193249135 -0.763271947091475 -1.49931024779977 -1.64975757114042 -0.848345753132802 -0.853967492683728 -1.24097065443361 -2.03783866502987 -0.563832710819992 -0.825517675211157 0.022825501172907 0.708790461023001 -0.0421482174981416 0.0174052607235127 -0.0730150022344415
43 -0.031226024608499 0.714297333453607 0.737469902283381 -0.106279113935125 -0.611888528583213 0.662997888103672 2.18845584996034 -0.616331369250181 0.0635794879551368 1.50338903726686 2.33070706477005 0.549245737230138 0.429279881512409 -0.86427551091476 0.590559181134087 -1.35762109552299 -0.491828689395233 -0.677272881459679 -1.2973033209427 -0.954525567106318 -1.46413160274833 -1.28025950206293 -0.0919059803690173 -1.86588975311688 -1.24005156320772
44 -0.358056995978456 -1.88842220352846 0.0538429657828875 -1.69489032002621 -2.15028909657459 2.79654372546503 2.24608995002146 3.10164009720088 1.11401793628303 1.86981118337925 1.57914339921318 1.06367832331992 -0.523168346473301 -1.31907249969114 0.385706776347876 -0.872582887792433 -1.54346180088881 0.018647330919379 1.22959607024233 -0.691677338693645 -0.137812035443356 2.02379873858493 2.5626749307911 1.32468958221056 1.2631708837542
45 -0.356601077647731 -0.00721098624610583 -0.176211332349499 -0.772286475123793 0.767095369573922 -0.454243239698594 -0.106477470183678 -0.864677058750065 0.587718590107914 -0.0534742374299942 0.209797155306518 -0.290499501981672 0.908897786109503 0.962002356612276 0.925337743409445 0.627033175134323 1.9215069451019 -0.622458116093062 0.0442017534000376 -0.809834119237754 0.047750725121553 -0.687687132247119 1.36790589241162 -0.52824676834069 1.60943577812806
46 -0.877664383433726 0.767065878163602 -0.174345282913033 -0.529186963541385 0.689963970173536 -0.579089687140679 0.244016221423146 -0.662240433373922 -0.176169379858611 3.54525231160789 2.23033826446843 0.997920440890843 0.901396817699704 -0.603228806230366 -0.679351346257466 -1.86787029428436 -0.758679380317782 -1.37221974200359 -0.677639500340176 -1.51169615833072 -1.40192712143683 3.16404027707081 2.04281455140277 1.43757901817611 2.14439965570803
47 -1.21289712517796 -0.752183411557518 -0.0996594363528297 1.01367686004225 0.315431377675626 -0.584941036654686 1.36245827793332 1.23497779229928 0.430476877377491 2.12479443233509 3.32773357393219 3.33869553510231 1.8334803660957 -0.384950607214198 1.17379238831409 1.09166382529257 -0.0881804007548968 -0.442172207899846 0.0819660816394937 -0.230749889218293 -1.27587910217234 -0.907539151183493 0.0365072949037081 0.152884512320175 -0.941169092603747
48 0.613286618687034 0.18634245336166 1.07756259080317 2.49020178340463 0.614506479353008 1.60333510077846 1.87636809345789 2.37231400181048 1.45722016393079 0.543065517874051 1.40985586892365 3.06938673064751 1.22679922792472 -1.69489101234471 0.236349069513092 1.34470423106924 0.514400565394122 1.52037504492542 1.00045394455805 2.41513579507278 0.969371188246894 1.76575184159296 3.22240601913544 2.9288565644137 2.21793307166115
49 -0.806203341462477 2.13472825522512 0.353739704656685 0.883914411254062 1.82871264132238 2.00836969441477 -0.182714181497243 1.02946783353888 1.72962599643594 0.104306304324652 -0.49163452363818 0.309059420722697 0.306050274031901 0.459760020338001 0.175604850028098 0.36634379261354 0.487738061187252 2.00089438681237 1.21228058252724 0.904450378533036 1.73559486987303 -0.617093328854739 -1.27486990841685 -0.850953302260123 -0.848587747964923
50 -1.3764569299089 0.234103479538219 0.719668481283622 0.858676779334034 -0.0708667260407454 -0.295945948674194 0.585242463341065 0.212361280284863 -0.188174387105216 -0.581867164717664 0.205341321919724 0.450248624778177 -1.26698807836573 -0.124773779425046 0.491341133681616 -0.208004257981206 -0.177107888454082 -0.678393415713804 0.252542148783413 0.57895785239767 -0.756681940912077 0.387349026913905 0.787084220494159 0.556578120995578 0.87296271204118
51 -0.507847899163547 4.19344653086486 4.27857672328801 4.79527275422977 3.43684966525404 2.55033281637014 2.36622784945883 2.80767520152146 1.11865708412793 2.58991683420022 1.91858883129469 2.51700161299331 1.37307366115378 3.87874361439801 2.44350331721397 3.55496014112241 1.81850784678253 2.33129697082621 2.18311902337071 2.95893381072183 1.8283961129816 2.04831414137638 1.37615215672945 2.59874683321846 0.369201182088921
52 -0.800935486737338 -1.89974412910612 -1.18870572233301 -2.48258703730868 -0.958763171249288 -0.467934630492596 0.0250058243597352 -0.48439836354828 0.464035800223921 -0.767518612807114 -0.558773486903783 -1.20612958203997 -1.11443233728508 2.70975592341315 2.11192380590009 0.721107336439709 1.02551970665068 1.02197106515728 0.964696655789001 0.247728583072442 0.354370743599561 -1.64035012412936 -0.591009279372112 -2.00964419208261 -1.04246735606822
53 -2.19278568567007 -2.92196980759197 -2.24323567813456 -3.83305472243993 -2.43655630820501 -3.33389303275829 -3.95886145356275 -3.83253329034373 -1.98716305781057 -2.72285467268551 -2.16421318543629 -2.69077127414507 -0.951702094672815 -2.33363268000903 -1.52221763103444 -1.72905458611222 -0.861784619647279 -2.39757475231854 -2.49486471772723 -2.06374271883057 -1.51410742160057 -1.35835500113232 -1.54946325479315 -0.97586475106836 0.191794179227542
54 -0.290937149267675 1.95917084226434 2.57175600544207 0.683982575792897 0.169188696584735 1.49172565894209 1.66005463080648 1.48678853791386 0.842317960728643 -0.638740315240284 -0.279102299540964 0.237769930463572 -1.00818566661969 -0.380395233050192 -1.11014536005864 -0.275207845242562 -0.783092384475756 -0.0826922491856192 -1.42253747469262 -1.62611574260176 -1.74130781498337 0.643549371229627 -0.540977378706247 -0.336977091576199 0.16297514114858
55 0.167174121160518 0.28745924310156 0.765094844789365 -0.78972578461977 0.891494082146828 2.30310081214023 2.29497617712074 0.231277804309986 0.488774087712084 -0.242350936324292 -0.404363316670554 -1.3483933223279 -1.34816684359572 -0.263120812643854 0.891771980201004 -0.897218162741158 -0.800417273814661 -0.435513925366615 0.734584450630014 -1.14636745629476 -1.34441312128357 -0.447029660329393 -0.0692500828351882 -0.985549651695417 -1.81075544424291
56 0.294692356485688 2.52621856842451 1.40974489945146 0.0601826552040701 0.533977559904531 0.954817572688162 0.0674439854426179 -0.0300024067215992 1.48642068457045 3.06621116972175 1.9725063818231 1.38197636254367 2.58950881847402 3.61386273409397 1.63252286001888 1.70791540590739 1.93566956485802 0.0308917360114656 -0.37766938322025 0.131883340561036 -0.329926370077724 4.0801046971475 1.68715080725964 1.36165614696508 1.62675040469815
57 0.392741265420726 -3.16194672257474 -2.22918372025233 -2.92177055688 -1.18913031988568 0.958508161254503 1.83495363385517 0.520675216350522 0.841336146313677 1.40494672707984 1.2092529940957 1.00563512862292 1.4769662026764 -0.385595170592074 1.02613139356452 -0.375330710125799 1.1119680842112 -1.11627178749014 1.32811688002065 -0.892098793943331 2.08840210654856 1.20163686161318 1.08243528065131 0.134945220070543 1.54415661047743
58 -1.00084371300082 0.398354472599758 -1.2208970448039 -0.107560663533722 -0.198210712148013 0.802042458507848 0.0707284276952882 -0.0728622535852657 0.384481934492964 2.51453202344283 0.967605675045641 1.38795204710445 0.525556244274136 0.547628898738566 0.428449475612013 1.05513798082032 0.741474320231927 0.836768628899624 -1.27574664888912 -0.414921988100565 -1.07857729051628 -0.762932437266315 -1.94592027352963 -1.05639203283811 -1.2782662301876
59 -0.325727119823434 0.143694207302465 -2.74587403356104 -0.800572706410955 -1.6020535609808 3.82371805487481 1.61492108544484 2.1906154031174 1.74857997222076 3.123477931755 0.913756081375894 1.45777827134906 0.198905642600366 3.57048007856294 1.18021098013852 3.32145192843112 2.50999119432063 0.0197264578747901 0.117579364149145 0.295654014942517 0.695607965238104 0.771903713568702 -0.684141454648469 -0.266832840772753 0.218318622606566
60 -1.00834880542884 -3.15379111068225 -3.17338070840669 -3.43012547307634 -3.37717031822666 -1.63675516105328 -1.03581109803529 -1.69129634455958 -1.54026575279914 -1.10467935567574 -0.686219001607053 -1.45459391475081 -0.419365612319053 -2.2824928377982 -1.08007374522119 -2.15394411970276 -1.96542448116094 1.94716041947575 1.50632254864114 0.687227819328928 1.18224118989989 1.10713366398852 1.02765682627748 0.92205103390123 0.105888781556531
61 -0.635431482033766 -0.937262129789435 0.104400598450891 -0.491807430788415 -0.028442882384663 1.77933561702856 0.358802790755637 0.180561310234451 1.62420362845575 2.23230935036992 1.37720461619361 1.7418241242055 1.28857632094166 1.31933724974991 1.77531651073926 1.39192607237822 0.899027536433801 2.09444739838937 0.800899388295909 1.39653543948964 1.21041634688348 -1.72601416462219 -2.05150093892146 -1.80932424234723 -1.17338146260237
62 -1.20984068798734 3.11344729756852 1.43636376204336 3.81561701984702 2.05261817159308 2.68327484506821 1.08184248174535 2.51100474807516 2.91930818374678 1.05930126702876 0.731507425424102 2.78858388209988 1.39743065030177 1.94576522005802 1.6041122420228 3.68893085485369 1.87968363214379 -0.385732213681072 -0.396302754362697 1.25945835994622 0.136431761366298 -1.72983631973943 -1.54313247299255 1.35548180020513 -0.299074563819921
63 -1.11646380065269 0.797939968354877 2.20375991889668 -0.980766233237677 0.781605489685432 2.69593733818639 2.09949157575207 0.764768957034128 1.30489344675597 1.91762452463754 1.86172502078275 1.0665745153249 1.64019017153009 3.14276083101259 3.26912894921714 0.943493028425118 1.97808541652298 3.99039571515452 3.40916438446944 1.85962087665307 2.08984840784384 4.76451192309279 3.01079785795183 1.83566665839535 2.11647150563551
64 0.629881162575935 2.7722143046722 1.64788596978817 1.9090182171593 2.2012198165489 1.94217544834328 1.37598602816138 1.42748143904093 2.02942964922949 -0.00370460751668894 -0.944923898463889 0.179364148494952 0.114278531444993 -0.0352657253423217 0.423424471561494 -0.130024109627618 0.694598627906852 -1.93406568415841 0.219174618020557 -1.10918076208519 -0.81029806664388 1.72697252413967 1.42689393522658 0.973154171311137 2.09378994997437
65 -0.272521570178626 2.2184064493777 1.73042090490054 2.01315050883693 1.64460819153114 1.70787362084285 1.53610656867141 0.410280532848722 -0.400557770554452 -1.40592765804975 -0.00807442255328594 -1.77494248781236 -0.935066950198908 2.52800088602612 1.24552358279534 0.886398970670025 1.13533139117691 1.13432481365384 1.83448408839359 0.0545170916000923 1.13168323532504 2.23538560191013 2.83850802871509 1.41287187092104 1.3740943788761
66 -0.258841168378671 -1.68492780242102 -2.07910323076309 -0.442299430104589 -1.36540136975916 -0.652281170987413 -0.990787804296227 -1.39987186633085 -0.942311132330835 1.39994525326875 -1.02615237770476 0.989727185621012 -0.660267800904201 2.52126452496884 0.688092910705615 2.22262240749014 0.609172898219039 1.24483750436422 -0.944127692485033 1.06645125301755 -0.234791293476897 1.66142955720196 0.478353443029021 0.636599646736814 0.722126159168185
67 1.72955817989149 2.58772696394233 1.14727158652563 1.41627133469655 0.740157439956758 1.82329689195565 0.670557803690029 -0.165127859028283 1.25646782120896 -0.498155241044294 -1.00649818291677 -0.0206664548425136 -0.0574895301220821 2.24546271636124 1.17439784892247 0.467281427264454 1.19210094985282 2.96105536004657 2.26040398583488 1.4126753719547 0.713700966656493 2.62820706108495 0.643074909966522 1.68568777268579 1.82634504074691
68 -0.0583921654073717 -0.852361130999841 -0.0695783177551744 0.679343017924726 -0.0235677776761118 0.352082890588112 -0.589195046490645 0.131686147132146 0.426657382451115 -0.418982026777286 -1.09399749343955 -0.405198533434495 0.231799208782174 1.54524615541542 0.423022265494793 1.24303731838083 0.735713700907046 2.09936589635166 1.3906436543163 2.42187443322934 1.53086765590437 -0.938394101044428 -0.0384632628953943 -0.389029163842014 0.376624767041785
69 -0.537063784608919 1.7537915212056 0.400990548060061 1.132270832868 1.5290457968996 -0.655697919070274 -1.59184338998643 -0.564994275279002 0.347740870424246 0.190218815801628 -0.521516493893174 -0.0485187803886035 -0.440271460010967 1.36809407519905 -0.419054817005538 0.663390836547346 0.963620137232835 3.71577649742253 0.296136930884909 2.15319388673603 2.22845804205373 -0.723300350220416 -1.96558225151067 -0.627304998931043 -0.0390683216955578
70 0.74728669616574 -0.563376496653478 0.357886699306114 -0.585621865604758 0.209828773072192 -0.37785980179879 -0.217639353652736 -0.599347369782872 -0.0487745587243319 1.31646476925128 1.0822801802044 2.41583596652572 1.62994792252956 3.17111133977954 2.66732979081708 2.59982633914411 1.3650195008406 1.92656511099893 1.81033344861759 2.72170887026527 1.75079411851369 0.347361576956015 0.937545362144398 0.742560604382166 1.08439526944006
71 -0.487257835389733 -2.1434786973533 -2.58608857149782 -1.50786970921834 -1.50728008623545 0.283022086289042 -1.29761376572852 -0.66559721648956 -1.04145531679095 1.68487472956246 1.25975220736965 1.34006688731456 1.12631880729721 1.13530717119815 -0.41101954695938 0.694212732049512 0.531602594474646 0.931214065814681 -0.661956960978514 1.05770397257395 -0.733864529890935 0.731071783986912 -0.312037981526274 0.0142506150105282 -0.318955571364928
72 1.3729077814795 1.80629074544171 1.98823453900049 -0.217532025550345 1.10851213110209 0.39922532707704 0.885570521067319 -0.458595463780798 0.184784898089001 3.53869145912599 4.3149175619962 1.2050774586014 1.770632947088 4.5659685868548 4.03810307422608 1.81561682323511 1.89034481011171 1.0448191429896 0.849526276347556 -0.554847243709473 -0.832323241246889 0.650508478688708 1.20270750012626 -1.53191322438749 -0.351309828993777
73 -0.377672360646221 4.30909379758461 3.501744514108 2.8791821930314 2.52304385686619 2.9588809667516 1.85871879671126 0.985882510621162 0.906216400157445 0.967469638051887 0.562413835109163 -0.365067844561283 -0.180758456253626 1.96932200465049 1.89362722933368 0.695610458829591 -0.0294077850936504 0.831327484877986 1.25167088282523 0.208281147092209 0.69494957415482 3.32320385560564 2.73395449875908 1.3591842694382 1.44655296886979
74 -0.616152614118394 0.597241328513706 -0.165955213813265 1.22321230937374 1.66411645363657 -0.123562522699217 0.183083027937832 0.594886498117114 1.65824491840908 2.53451565101948 1.76632452647238 2.76228737862229 2.96846412207814 -0.168323108135472 -1.07559754083157 0.492866790746903 1.97192008653735 -1.21462498855862 0.0103754898672113 1.1295303483723 1.9100987926299 -1.09770724486881 -1.50956215780557 0.400444080222524 0.646263458429458
75 -1.16812505107469 3.88572588807685 3.48036486325719 3.2168562252377 2.70547008976638 1.76295536579228 2.04196690975268 2.05736592264666 1.43030958453424 -0.371221557828087 -0.432456931167335 -0.667230546625238 -0.258622308565996 1.51912964938275 1.1324884051525 1.70986863199603 1.9254379138711 0.0981686504714356 0.534521780557932 0.144647257109779 0.0458635607048593 -0.412387707657664 -0.659826306504889 -0.429302010170797 -0.792694018671373
76 0.328640358591086 0.916056988818442 0.322819567831791 -0.93681619741745 0.0295429059231315 -0.334346874692558 0.264250444967377 -1.80889305728391 -0.73477498810712 -0.897612965624532 -2.15583659226289 -1.99618780780605 -1.70533256628994 -0.993582534944241 -1.87379519534086 -2.15465133318057 -1.5817994087979 1.93993165565749 1.56939974434668 0.31143520700884 -0.210122335922344 0.0392588648360628 0.516812913000439 -0.356246788748347 0.317618540151395
77 1.46651062744016 0.80584072961677 1.27156225283971 1.97844189410554 -0.0300660393904342 -1.29767315521901 -1.37303816854539 -0.137490966406099 -2.01832298176374 -2.773244235528 -1.40663312127442 -1.46896441947694 -3.31634035009179 -2.98539349916192 -1.31818556120584 -0.937876981870747 -2.68895595511564 2.28877280124225 1.49288851969142 2.01937955588466 0.273980113521631 1.88449459650196 0.387885159721347 0.98600945214281 -1.10799579279243
78 -0.356009545088913 -2.68542123776812 -2.55237691637193 -2.1080685465294 -0.539744515953048 -0.347911691812475 0.221459552296754 0.543087702348606 1.46649639733131 -0.479053668117204 -0.170097715337359 1.39680677520155 1.01341307288593 -2.08135955965801 -0.804366209852043 0.310548975205892 0.679739019559839 1.69277689430447 2.41558426114996 2.6978327211369 2.81936283847887 0.598005104959365 0.340037808595565 2.45520299020913 2.59678556184087
79 0.261467641877431 -0.414206427630654 -0.652547834026663 0.527690561151132 0.136352609275929 1.79785026831876 0.902519592315955 -0.772804331097596 0.350682940446424 0.330764236217418 -0.891030793223639 -0.653975825933839 -0.569099255563302 0.527570102208255 -0.44853557724133 -0.336994290589681 -0.15407919853629 -0.457737330343923 -0.200264038773163 0.197866117379102 -0.637399834454944 3.36211923924486 2.29683788395525 2.08660218133404 2.53780889175789
80 0.333328855175731 3.96634542810835 4.53865200494623 3.43018269346263 2.44810301356398 1.53132890492186 1.18331622599825 2.50421766309445 1.3418685428001 0.93356056716562 1.47396134650389 1.44524398539886 0.805630022414266 3.63679383939131 3.42713102381278 3.51751988841517 2.44135027097203 2.30900695209083 2.22529728064073 1.93242565020056 1.98752177306911 4.26887974285865 4.91131505875304 4.71415427752499 4.01020421331517
81 1.42219324030954 2.51801602735671 0.00531438140276208 0.00531895128048032 0.848378067400178 2.8722247936 0.804942258754348 0.644366123779383 -0.389514643070507 1.81618686101648 0.34287795454755 0.441784545311403 0.0390550819645056 1.4516393958553 0.144490746738575 0.111325593400319 0.0543373652763194 1.01872702498077 0.892347823124137 -0.346711267617826 -0.448261910870846 0.209583445289916 -0.471667265031093 -0.197819727040581 -1.42193411104881
82 0.663876600666173 0.208778530932219 0.830831114797589 -0.382750669807629 -0.715889240650738 0.170614231952333 0.512409734963136 0.842891959716362 0.429587939339531 0.98741744472202 -0.0494711914642167 -0.409309519478466 0.430871860451331 1.05435973777972 0.570912742297768 -0.586255856790933 -0.959383628394359 -1.2347183947552 -1.66842937137167 -2.35410887915996 -2.18060569319222 0.791579311662567 0.471439826025545 0.71930703772618 -0.0940483680389971
83 -1.07365515569531 -0.12669165062373 -0.961111399057239 0.537811058266456 -0.653165447505043 0.903693388104637 -0.355471472378424 0.380007902907718 1.36812516780964 0.246048255357141 0.939348952249718 0.359973809231788 -0.357217739009435 -0.823378671919248 -1.09197864329583 -0.420692210509696 -0.584908885873081 2.45434341292385 1.63251635767361 3.31220875289385 2.55133838632975 1.68174333300222 1.26824711832838 1.83255143098961 1.62480816251038
84 -0.69690177466674 3.86358906687042 2.66378510937514 2.06092901550113 1.21602811517073 1.40291904322902 2.09381461936762 1.86494408019662 1.58793249679587 1.04260560428 1.85093276730639 1.46423898662472 1.99880406392259 1.06834379098138 0.66073596529817 0.512780240299044 0.518727770074953 1.71009273061959 1.576802025986 0.264263064083301 1.01117391148135 -1.3016467059088 -1.22500803741494 0.226731367663992 -1.10871466261726
85 -0.746130456934561 -0.298017295066918 -0.0789009134288947 1.08298090993848 0.654339828459531 2.27036297181508 1.96691642886945 2.85533954440473 1.95629668559056 0.75050422383539 0.209688563164126 0.970558729984079 0.794136924489478 0.662539807069512 -0.211984946415679 0.988299309276473 1.29374100302467 1.56331009952692 0.462977032321043 1.67289383687309 1.49872738545369 2.56199641788545 2.29406845948615 3.1179114748649 2.26942755860837
86 0.141572872132219 -1.35182245802073 -0.908090874791252 0.00468105104666139 0.195671454915918 -2.19312704385385 -0.314360945241914 -1.06309868511418 -0.479860746091553 -1.88824090545704 -0.663418231785621 -0.272118106586976 0.318438369521848 -1.27310683183949 -1.08306961822111 -0.612235703414582 0.103561827489204 -1.92706312618781 0.910185287116684 0.0331614789962685 0.375976542238131 -1.14220492943449 -0.595525137445779 0.289368891348018 0.854903023736104
87 -0.00394722073065307 -0.746263258670406 -0.117070650874611 -0.378072119073609 -2.98010809655308 4.2288165496193 4.22387597313688 3.82738445418243 1.6390954974607 0.858133673477299 2.365548250755 1.71089461902534 -1.63580040405136 0.422332290484951 1.12169920288626 0.508430092464444 -1.90627348684529 2.75824964423991 4.13420161557142 3.58869793947844 0.559753250758848 1.18381963155448 3.0557611127125 1.81362072108504 -0.228309948895275
88 0.367937501091765 2.91360773869747 2.84024330967115 3.58948583231835 3.49373829720725 2.83466300663492 2.62945555888348 3.15876885825648 2.6816153803745 0.79633960168407 0.501549636123391 1.64305092266906 1.73648127922163 1.12153034834552 2.04730713206871 2.02708571609663 1.81559863939201 0.669578582796278 1.31013081020626 1.28547218096524 2.00870428681713 4.3498107019385 3.42754661034043 3.87001986617542 3.19027718367673
89 -0.657342914697247 0.92745201843575 0.371970846873225 1.33933191973322 0.42268722323903 2.38153469328501 1.90120062561051 3.12709612489352 2.16097926552684 1.73767688420655 1.05327434094506 -0.18389288061665 0.785975781138936 0.122012270340796 0.093388507048176 0.78038006299149 0.481781523228605 -0.290040847915482 0.361874143843353 -0.131706192414849 -0.333270322930534 0.181077991354791 -0.277872202242923 0.483063243226702 0.18020859306101
90 -0.376346670161052 0.437679314506408 -0.886863037644071 1.27064080717632 0.520222227539246 3.36159777983884 1.81759199665798 2.10529087355288 1.85118290908212 -0.0495001363877692 -0.0750175669569796 0.148472693820282 -0.137647921887302 0.376380543597522 0.0234529598983292 1.59842029376956 0.602217131727342 0.67830926071456 0.180369785066524 1.96457109495171 1.45744875692051 -0.238604808058866 -0.24695023941428 0.599659261422102 0.328600654572762
91 0.741360060425085 -0.738235114613022 -1.24513660229638 -1.20445440676632 0.351056728371288 0.830274158946497 -0.554328708077507 0.431534375301192 0.0048142412102139 -1.03524924669336 -1.56792704316979 -1.9834567610062 -1.0237546379827 1.89230678987276 0.982727909877331 -0.48307022353023 0.960717018541007 0.973269404226504 1.1100201305917 0.304477300253134 1.20445420067188 1.58703280585928 0.295800557026421 0.567429366155639 0.292304292998777
92 -0.0996067564484702 -0.894890049291098 -0.265236517488711 0.137701090267664 -0.937709467254332 -2.00879413499431 -2.23721751483566 -1.43518298051166 -2.73881459510536 1.30141980754994 1.14022837317775 0.697244151344069 0.169496356845691 1.79232056753684 0.820567181206132 2.22880430608893 0.432215781682162 0.724083801980054 0.450661127995004 0.994771709992119 -1.01862918946792 2.65480089744265 0.877726444889334 1.70629451809569 -1.25818144607203
93 -0.654289878607095 3.79703561907857 2.08975629051691 2.78123421608505 0.226257884728672 0.74872947625476 0.0609081633642683 0.783323058537841 -1.5345505639852 0.787673597403547 0.137112504944777 -0.131798308455714 -2.02790045337387 3.79277398465789 2.94771053559813 2.9339655102207 -0.310226103196864 1.61897302977756 0.57444032772818 0.885500877690427 -1.28786092443168 1.42242384088415 0.150057498389111 1.5173519097488 -0.381193171079404
94 0.971164374061271 0.0949441018533189 0.656241755067342 -1.1903593862785 0.00954859913378325 0.00292241669414367 1.17040351667809 -0.802951122546758 0.258481606996194 1.2148959035667 1.84385387602189 0.482857002724784 0.507906453618256 3.59861085246965 3.91625776379629 2.46659957094058 2.11264942724582 2.15414753841156 2.72952702674308 1.17772652445231 1.06885878839573 -0.648123024971628 0.373684880992348 -1.74233035327765 -0.536313696691158
95 0.0134963115683865 1.13697527471378 1.02269833228229 1.36001820418346 1.30028231502081 1.50448738419099 1.80784152155046 1.60823478418014 0.0791484308473056 0.722257075553665 0.795925329370491 0.0244718973224818 0.741639831546785 3.8703908302229 2.30421682335707 3.16505979612999 2.56480000188127 2.3315198312044 2.08885292696331 1.98481707144235 1.39292617632567 2.70359095967431 2.38773364494924 2.52482066976586 1.28772022416675
96 -0.916534667021545 -0.42630031747192 0.169954772780019 1.14053737056126 0.856037069833967 0.5262433824101 0.682287025782263 0.675289606276508 0.983229660704932 1.80806160336381 1.37719667920309 2.27325160928208 0.975491389509476 0.635004935226016 0.622562421346808 1.17747836514061 -0.702811353286887 -0.0264496548240549 0.20328140974453 -0.25157877056107 -0.292832070295038 2.08890629180787 2.11987438017757 2.17858485613016 0.969143319380224
97 1.70968856126164 2.42645758488767 1.80175580371041 1.24125599004219 1.84342528535313 1.83161180119789 2.09080306366385 1.63306964205709 2.09371794240243 -1.52360956277641 -0.537649768497625 -0.489798750380119 0.898972431794895 2.13849935375696 1.67990663005416 1.7705308636612 2.68725263040335 0.103078626098285 1.10970928551955 1.11273666924347 0.221393493717946 2.39205557595838 3.0828068312936 1.93012472839796 3.7573924261392
98 -1.16810098994666 1.08196604046493 1.47098957626274 0.168021715005142 -0.161088354658132 2.87884130396745 0.721336045178806 1.2880417332751 -0.302485621693571 1.15059385560353 0.00591312650809217 -0.256939629882998 -0.322337004477738 -0.844188996948236 -1.07512946278889 -1.49572191905213 -1.34364423592693 1.95725270335816 1.00396727637804 1.0116190095135 0.511937216183971 1.33635649248147 0.877132198604094 -0.752180958497956 0.206603583025802
99 -1.78103626015252 0.317077577501439 -0.78480597152663 0.344905605980517 -0.298900688785435 3.09302591325106 1.99063596931019 2.17776284637517 0.966185892949574 3.04654536353092 0.761125870263989 1.04292944688615 1.02124592275034 3.01030133104346 2.14225824624351 2.4687205816224 1.73458580149419 -0.921191481559622 -0.550307383152296 -0.578521276366929 -1.04742961528415 -0.665059577865719 -0.776890862415854 -0.552811880373351 -1.29769650680014
100 -2.25313244856822 -0.61047756001006 -0.513513027947164 0.968249000628674 -0.0116460449303231 1.52506031029489 1.3392936762192 2.07557586934811 0.869940681292142 1.08540012911769 1.00070167005363 1.07723527984072 0.685797417954223 3.42343383793117 1.95805826431118 2.67058052044705 1.10796372839939 1.49111696067497 0.65993752550183 1.43981226403136 1.03198462856176 -0.193756737868272 0.326592119994958 2.11558647588025 0.899920614332122
101 0.6511259695467 0.533416161145856 0.601047205759615 0.0413576839875454 -0.453156160929472 3.46167562037763 1.70780324100065 1.75562182321118 1.25419236079186 2.25361435124607 0.471166970685093 1.7159315772215 1.01603922120487 3.98871629445975 1.95757709154874 1.91281544822896 1.85633077449871 2.19271253280758 1.80215931847523 1.85169534745623 1.20125142910557 0.0827793811568199 0.695531310753872 0.0162604768658177 -0.34122972292613
102 -0.532832625602767 2.42627670778856 2.48996175237436 0.944372348409006 1.22371076275254 0.958303928631919 1.41825308775549 1.29022964334949 0.739232675208546 -0.254329085647181 1.49927909671867 0.494190966978094 0.0220459632893411 0.0708691347763066 0.833908354296737 -0.117509549421752 0.825229426428961 3.30964012364025 3.43851145389464 2.60474967575887 2.90844238579567 1.66847814850433 2.724565598763 1.68304752762681 1.28884698216651
103 -0.275559356972283 7.10716302700041 4.00623817187623 4.43438103631217 3.8125344796976 3.27937690597939 2.27879292946996 2.07796306522652 1.56589216315984 2.57533440265618 1.75018596225466 1.69818559922549 1.19271636693476 1.47804916074934 0.0639049403097623 0.585261566441363 0.183354753804874 0.74441214319764 -0.305931123852497 0.195546029597785 -0.338447845881297 0.254604394104441 0.481178220508956 -0.0229366660247579 0.0421460101797085
104 0.289626972629046 3.31994760069107 2.98897187122676 3.13184273633365 2.01526162224139 1.21824800120525 1.53771868115391 1.16963500327821 0.631119255633825 2.36202286241134 2.14828620595737 1.45275319322942 1.11612904143851 3.08359281679267 3.04959559614047 0.962828198581224 1.29098648142731 0.511083909486707 1.12772611678459 0.137386162698252 -0.198623615744693 -0.185837381313065 1.52676715609882 -0.277625885281677 -0.819414392632382
105 -0.466484061790764 0.321714183261624 1.60409793782588 0.800346250303318 0.905956312043716 2.5434553479942 2.00594453925778 1.84151823178349 2.39170781196838 3.41174603171221 3.09442315204701 2.45270858244952 2.91259456889598 1.80315000693193 1.82118760643109 1.79658331592146 1.8635606064834 3.76623684667007 2.24907384898348 2.57803179419646 2.02997314298102 3.82573947913979 2.797117799116 1.3247017951587 1.81081496869512
106 -1.60806017494469 -0.650046637687019 -2.26332561197765 -1.24698219554604 -0.231822943532669 -1.15486514406486 -1.78283411292126 -0.537430832863533 -0.842192074802402 -1.59576229725792 -1.2744623319172 -1.34895292814674 -1.20886397510321 0.0466769715823296 -0.279276037253064 -0.395016809778694 0.156836450026266 -0.477843813500771 -0.744237780404468 -0.827728490279573 -0.0522528000487281 -0.789743497455236 -1.37946008968471 -0.539011620365877 -0.721466681278203
107 -1.94978379604199 1.78356647187131 2.09723223948522 2.15323645343474 1.40031336437081 0.385292618734627 1.53367770571441 1.33621448521933 0.592319515613604 -1.63583493938621 -1.60985390042565 -1.15646072731209 -1.62087071935433 0.376934212088462 0.663715725906146 -0.943452994314166 -0.419160220486416 -2.22264524308609 -1.24802268810704 -0.359388978596315 -0.964391474787332 2.93011306989348 3.45641355957248 2.29416941446204 2.31110519013271
108 -0.340699918230981 -0.174847823716098 -0.323856508368128 -1.05101078620255 -1.2202874170061 0.721723352923016 0.529840075639841 -0.481854613944168 -0.143787435353826 0.133603173300047 1.1022373904827 -0.700755562166326 -0.229083594718866 2.82868744964996 2.33625465922419 1.87150065380339 0.772799062675382 0.325274761814947 -0.0820705866968534 -0.0891506772561237 -0.417027563257033 0.64316787577161 1.56753032197715 0.702189730593041 0.66099071161541
109 0.17472552733132 4.71169211791636 3.3727822388758 1.88337381081041 2.35828858218209 1.35941724837967 1.34025690452673 -0.450550581099418 0.598764827287941 3.70130015358109 3.27075011972009 0.656184260738649 1.57283255447723 3.51631338704495 2.91805892697904 1.35815393158809 2.46179020441758 4.49759929149075 3.3985044770616 2.44287929315237 2.42713064109459 1.56065732627274 0.98490117665411 0.247842904575401 0.119810315651314
110 -2.27777756077723 -0.499502880630816 0.179464984121026 -0.460805778920357 0.951933080020841 1.90696071778537 0.0506709263554139 1.3500555785647 2.07344942648912 -0.0200499161572238 -1.66078845572222 -1.3198083694639 1.35379722674482 3.58193410185539 0.599720340827129 1.1015319383818 2.56928421342052 1.10943672133975 0.0700031701824352 1.1994674741695 1.46821525429908 -1.34054503215036 -2.0029760144476 -1.62961179230048 0.116747964362476
111 0.290524480947084 2.11339092355399 0.884698310935172 1.67022980920808 -1.49584244081103 3.39540431646348 3.23607064030413 2.45133350070267 0.442037659674131 -0.469841512284222 1.04946600445921 0.768311406289493 -0.934940077387477 -1.57741314408567 -0.974077257646755 -1.05526981491958 -2.10403480184877 -1.01054719774005 -0.0719767944370727 0.594114082699223 -1.29299051064332 0.829750816043343 0.810034905016952 1.34475983581588 -1.0448368735969
112 0.422306357473614 -1.39739746099014 -0.717552603341548 -1.6105469747941 -2.17110839411421 -2.24462507376658 -2.05211022581003 -2.1315096862675 -3.12960428502192 2.02065095016364 0.795645423853254 1.04281720669848 -0.498878429649778 -0.675684044955844 0.901667971969796 0.368120169355396 -0.499333829260772 -0.96714352863105 -0.476392411680578 0.456004113356919 -1.96499336457009 1.66193161961809 0.769803577358238 1.4680825801746 0.502213586738753
113 1.29473736320671 2.01527058683197 1.67783916005307 2.1429727876636 2.35098339388296 3.29104458458748 1.98105190635942 2.44743602689846 2.73260758685943 -0.26200106863891 0.561417666243726 0.0683153726938379 -0.39167603872077 -0.404578669259656 -0.36256683271806 -0.277624433192315 -0.100195316774294 0.863215590032427 1.49740781093193 -0.386887564821921 0.615683967549564 0.747455542589388 0.930759214621302 0.869733261720279 0.769879283693228
114 0.164714018573954 3.71253187452866 0.523161379007396 2.63231419443479 1.5616997167685 3.73152325625705 2.03825052712408 3.09819029642286 3.42601012275874 -0.338689328292333 -0.272294939917402 -0.774356715715293 0.684786900492355 1.51461492613949 -0.561700601893646 0.753874993390188 0.961542291623588 -0.919924481307998 -2.73270312673802 -0.901989406333058 -0.349332354448755 2.52663449133889 1.1596151192501 1.19562087497942 1.01642403101567
115 0.204953840800235 0.568146517431836 0.596592256375693 2.00248748016399 2.39842516471062 2.49631619395754 1.4435005185719 2.74449165572421 2.18757841203397 0.0396751238494392 -0.599415999584444 0.00715260651424965 0.273457342415237 2.15220122286585 2.21597046389635 1.58639936825739 1.70104170995988 2.67456990090223 2.26800948181157 2.5419607909382 2.26151680510832 1.44173008996443 2.38121559447342 1.76210545079626 2.39414450079023
116 0.604603626725806 2.89581138348745 1.6336663919487 2.1626512405855 2.30380649145948 2.62605208501146 1.60573063764721 1.89455317477852 1.0934052088091 1.97804545060427 1.16125954706704 0.518338840987771 1.37649635405604 2.38410451267541 0.455143942232536 2.75941245431999 2.22982287501891 2.40775793381983 -0.0243682382117527 0.760376343243754 1.31156210664873 0.509845667579021 0.0568617347505824 0.506301259352746 1.21470113234873
117 -0.0191407691689314 1.07747905385215 0.685616568367296 0.730552181709383 1.98317603492023 1.32247234905141 1.22614517287551 0.327425475141186 0.184196861194355 4.10935227136502 2.62764687247198 2.07471014668944 1.67017115243025 3.54557356984831 1.35372813015377 2.07984745993897 0.546391498432724 2.80570298534531 2.1134825681579 0.771960043510148 1.6257095654846 1.07882086972819 0.754865515115365 0.494600928603587 1.24367021381909
118 -0.0797143473788086 0.359307497375849 1.48579749532906 0.243406332284936 -0.598735188423764 1.72055621511716 2.00168594338368 1.20323480729245 0.126895080751739 -1.51459461576819 -0.923484689286315 -2.14178542929975 -1.31088629941733 0.912796544451023 1.36401481448375 0.659115178011084 0.0633459388867926 1.67876516945581 2.83563152540754 1.80320480627797 0.949227300438811 2.39353315754842 3.56695641546385 1.95001324721174 2.1507356332842
119 0.115984464402805 0.848140398327159 -0.215535060558698 -0.398585119270392 -0.216537911440698 -2.59211521019986 -2.8865339860265 -2.66779951284767 -2.13638090201171 0.858083012117557 0.262635807010151 0.414310239489643 1.17177155138546 0.827005194955536 0.960210768743047 1.14984409434283 0.890463206629245 1.1551761479127 0.194361570605092 0.399062624800725 0.822225015124397 1.88371330323165 -0.113336121156509 -0.201524859366782 0.92483553616398
120 0.744173364048388 3.87305723948089 4.01041528523104 2.13725674494166 2.68412609896675 -0.141305920911228 0.904169866544192 0.107310548983549 0.958778443922072 1.42636353732096 1.24577615472609 1.45985307679691 1.0141527052819 0.583482035030049 0.491974864624438 0.969642554424952 0.22323307528245 3.19658278566507 1.91256743405225 2.20034654611107 1.67106755801003 1.7463114226431 1.18247173339713 1.350001897574 0.915693296929755
121 -0.431290603527693 -0.392688388784656 1.12994752045462 0.410825066833592 1.9764040527808 1.31994012894788 1.55221465519051 0.882933745917504 1.48707428737906 2.33266944076358 3.13355692408849 2.77545098765038 2.59057363381201 1.70821176951762 2.2686220083677 2.25295654860328 1.63253103537805 1.91796965843513 1.62845658909565 0.509522750474313 1.4535215029509 3.83858858994105 3.26948921151807 2.25112824843646 1.83933652737398
122 -0.499528951911234 -0.348164906043526 -1.71346535339426 1.19860550049724 -0.0534576692368055 0.59978854452955 -0.405828866355197 1.27376061144495 1.78507093475548 0.399520920179049 -0.29475814596804 1.10766044914152 0.537811311828753 0.687685448461012 -0.961746487978105 1.24418627707884 0.882774745641246 -1.94521275317451 -2.15725349941459 0.415076830890471 -1.31405557484488 -1.47457866496116 -2.48952031429502 -1.31583531644353 -0.335140685683878
123 -0.865162076755711 -0.655462990314649 0.145345331716104 -0.185883614727071 -0.81633138403149 -1.03183602596478 0.139697821535213 -0.0535664480026546 -0.690486545133901 -1.98721892149816 -1.65415703959262 -1.14574683936034 -2.72005391284909 -0.147068421725475 -0.196816783797466 0.932936774538664 -1.18027553048391 2.08360815971842 2.78468354419885 2.67531574701677 0.0153887121235488 0.75166476220692 1.64555560274754 1.04323410207989 -0.558083585845846
124 -0.957757283271874 -1.02482221974947 -0.362765188501099 -1.66504427982973 -1.92968380137305 2.21723743094958 0.626013196049111 1.72089961485429 -0.171332247450441 2.39463770801073 1.01581443827249 1.67705989491574 -0.110561669482721 0.159872838506215 -0.0228482378741249 -0.651944429212747 -1.58097113342638 1.92154276112642 0.411236997639672 1.60198780018416 0.627117892332844 0.504642579716063 0.127254609092395 -0.722697494742323 -1.61878316135765
125 0.326799971338638 0.0385599688172778 0.477363711304993 -1.00780800878832 0.118004598657901 0.410078212274862 0.614560700864066 1.05641300237565 0.991051072996325 0.869682013269221 0.145382282173997 1.19699111284902 1.97898109951994 3.10902089032375 2.6394126922899 2.16615178389815 1.62485713394946 2.71851053126443 3.08086034041716 2.41253305113897 2.57821487930953 1.17691412041135 0.725611054106245 0.279926793431414 1.98849680822757
126 1.54737222568518 0.315148967890377 1.60954236860006 1.28438994924584 0.137090959571113 0.20437151725898 1.10946266386177 1.20814973943465 -0.906296091876405 -1.52789654846578 -0.0300109028435447 -0.868531783324033 -0.906988225955659 0.760108939773111 1.61573735189829 0.853216869880582 -0.310453195288357 1.36342314868362 2.70640001317211 1.22250892924191 0.163739550053991 -0.204935366670609 0.931483725853114 1.2397834871225 -0.175790029687081
127 -0.968859568864431 -3.48522472676708 -2.85915557842207 -3.48458033099229 -2.77374048802467 -1.38458391252275 -1.38128481434092 -2.40959626376991 0.416445033623645 1.2530900853393 0.238532025638151 0.559719430951304 2.07193865229302 1.78592740920972 1.70299081369906 1.66776458901331 2.04229742763026 3.30122406133174 1.82674079349926 1.62288856321731 2.88922232193494 1.80061365130295 0.502689710201173 0.393649019860666 0.902728601944177
128 -0.188440426259463 -2.17002937876788 -0.863737198681787 1.61881850745121 0.144417777818824 0.373535956102155 -0.432955854596264 2.10102630654878 0.0826293717601765 -2.17731466886923 -0.652281098122023 0.789335795157224 -1.63715542510611 0.354216291920036 -0.0381154347837864 2.31597199373482 0.512875258723468 -2.13097986843024 -1.85683477984513 1.61560578766264 -0.556700826209639 0.710521988626903 -0.116385119315902 1.69292267369218 0.468274506845486
129 -1.03000116145592 0.600040800875278 -0.258966215383894 0.589860285976743 -0.155990348605239 4.2744211505328 1.51728044648104 2.36913650018794 1.15547126100789 2.88379652447731 0.142292050372505 0.470956172649011 -0.317994604827878 1.14315425028284 0.583611851684063 0.798417198999414 -0.455017570025444 0.761546429158229 -1.6631185990194 -1.51800524610867 -1.11015603565027 1.13108402174081 -0.538615349547365 -1.02518972535059 -1.51769643517995
130 0.908086441860496 2.03095679063625 0.542742735243548 0.0517152332363582 1.29135952999954 4.09362130513494 2.24911441088302 2.58099252863936 3.06021948778305 1.67096548211433 1.19663853200926 1.93359687489908 1.37642268701001 0.678846625916572 0.255336724882236 -0.0320824608946688 1.02669061838292 -0.152522142337223 -1.14774090000596 -1.22302017434722 0.204417505107003 2.2908455114361 1.06687500622248 2.67983640544941 1.74884688915532
131 -0.317381864708129 0.934966527832566 -0.427806427893386 1.49377546773305 0.628225764974473 1.17120158530562 -1.10559223099893 0.264496445698521 -0.390822161783398 1.21777311444247 -0.000990176681546315 0.821482478958129 0.594116893124154 1.15308176051006 0.507950960203193 2.64344783500323 0.822440902955514 4.19250837041606 1.82348232195092 3.90438382179344 1.31183546902629 0.531176481959179 -0.634250154092608 0.898392640760974 0.770032524084968
132 0.179003966540422 2.52442045153127 0.742912973594766 0.746885093553928 0.454862362007095 4.29222236065337 0.816072853364108 1.37934245785371 0.354766859492258 2.75097555100393 0.868731719417149 0.747101397665604 0.202126516149782 2.02533019470526 -0.966137571453046 -0.0100151428416849 0.113555706521021 1.18482875387886 -0.565893116947196 -1.18131835858759 -0.824585539031052 3.86522396567663 0.464433461372576 0.575263097239374 0.26593526678063
133 0.348028187729177 -2.39277414041461 -1.55075919237022 -1.87566614978169 -1.11097907676462 -1.93163587245111 -0.918831862472807 -1.23210838242739 -0.634603449946812 1.16837282861804 -0.415799058805904 -0.537577157383654 -0.532338517160181 -1.2324413954575 -0.965178194216394 -1.46802537820695 -0.612706756358414 0.638796027932407 -0.517542884536648 -0.697703147164586 0.293410469443801 0.0117850979156283 0.114921929225247 -0.395496254907455 -0.0190796275238334
134 -1.05427902127444 -1.13166518075027 0.731411936535853 -0.612491787971324 -0.0592428976613543 -1.02295537412724 0.787718796824 -0.342110332081462 -0.0998101734052368 0.83652080517863 1.70684349175982 -0.00639668270629579 1.37090681693556 0.339283230201259 0.674579497070741 -0.231616752893685 -0.535434001419859 -1.41980008940415 -0.621999170385058 -1.13791418602522 -0.683423212819261 -2.1060181639606 0.623040298265844 -1.35047583355874 -0.64036885523379
135 -0.104744288110701 0.295971639462588 0.261223140839928 -1.22920520542264 -1.10921360435638 2.83920162454442 2.48086367111244 1.79123748826122 1.09668760228684 2.71337530016314 2.13401214749582 1.52082744886997 1.27272210057823 2.73458658044128 1.82538031490958 0.966546437235333 1.02464449376602 0.156600662261909 -0.288077621210981 -0.784314593915654 -1.22110049906372 1.71518254027963 0.825679293624734 1.30623783251094 -0.0341041533696699
136 -0.228342617094529 -2.34270871620237 -1.64997032919668 -1.96329909313329 -1.8705345947845 0.545090641217211 1.10919976628752 1.39499732160461 -0.260418582741828 -1.5696031850873 -0.289378185027855 -2.01634995506315 -2.19804772323735 -0.784475321664972 0.0947116775072948 -1.09125076241231 -0.660304032815596 -1.97572401652352 0.338110414830226 -1.5152558095114 -1.36257673041658 1.10496694239079 1.71407600276241 -0.372883605328405 0.873066539123364
137 0.675355562427539 2.82058397989557 3.03624382774763 1.6010551342375 2.3057091630168 -0.202537548811162 1.07705669894088 0.673017989293884 1.19600758730518 1.99066343839759 1.65755447293452 0.907443609753063 1.15585185764894 1.80218635911056 2.18970910129202 0.839095490873452 0.595531169264134 -2.38204873253552 -0.735962637995875 -1.58692086905871 -1.78015516314959 -0.965543523332578 0.0297619161933778 -0.927613935017164 -1.00948142453488
138 -1.23324469350631 -1.82228254045256 -1.77430366263287 -1.02808013780344 -2.08240893121584 -1.33477532530426 0.113347599373404 1.72321648659064 -0.288656347239028 -0.447896322175231 0.422001844367048 0.509946544322692 -0.223321831058462 3.31083067593546 2.33231899962133 2.14638204758821 1.63510454035583 3.72986545986559 3.51726631530192 3.56565670195406 2.11686549883609 0.0769273954920333 1.55028742192563 1.63061979876351 0.623281944251977
139 -1.19996154442278 3.52034716314085 2.61066336246982 1.31663849790196 1.84743028475814 2.43256829819544 1.43311553293206 0.991404426301475 1.69321114087405 2.7057968234038 2.42194998018809 1.11643885271145 2.15995735991145 3.36073827787004 2.31857452326171 1.88865702810924 2.64731545109162 2.44178746396087 1.67260033920214 0.980335358043989 1.66131847512758 -0.508070590500406 -0.115877184468778 -1.17821347793406 -0.0389116709690416
140 0.765866576616108 2.64247518401099 0.361823608775731 1.87899349962283 0.228260512904666 3.39346037240407 1.69139160958914 2.72240648353593 1.12550867502719 2.16024882409849 0.440805412315354 2.17069794756217 -1.03431661030044 -1.82066693848534 -1.70817838106721 -0.897789334362195 -2.39905138987897 0.825181606595358 -0.461057829042921 1.30299385882196 -1.0314680261129 0.325248286473159 -0.427682831163196 1.31387048661714 -0.634195455543087
141 -0.588097861282977 -0.616033346940251 0.726594932761336 0.278881113805719 0.614476216034784 0.187084139211 -0.358713190816226 0.00336790325550962 0.0355373357176673 -1.01613009336769 -1.25136764806081 -0.680572679140399 -0.695163855993029 -2.5688812858423 -3.17344540835793 -1.39611773009848 -1.75691501628825 -0.858211858951275 -0.594614742436406 -0.465011924943318 -0.90012929294246 3.17517570011342 1.71403469491412 2.39480438099432 1.56852923487527
142 -0.660295829975576 2.92387445785009 2.0948968000937 1.70445746412658 0.994252022445439 -0.900721862799146 -1.97570083250636 -0.377353929622858 -1.68174575970544 1.49016088117842 0.852722065354877 1.43439340730596 -0.872579354341762 0.688131020893354 0.887495616494927 -0.153104858816683 -1.018230769739 -1.10774435531091 -1.88690110471892 -0.941561962815867 -1.87190218416537 -0.634414549841865 -0.722624746071999 -0.377514739321961 -2.21414088987005
143 0.113013522197344 0.53805962011457 1.25810354315023 1.58972430598711 1.30420568625725 0.106528865908531 1.28235568871527 2.14625521854148 1.51566849533178 1.3645668654757 2.34001127085683 1.73586443207097 1.62662984029497 2.30392941029993 2.77253398100529 3.73130273337942 3.78832373181324 0.128782698810651 0.868786280526248 1.65414362975847 0.65415528159635 -0.529360643045957 0.928773311170164 1.77195050732269 1.79170826778557
144 -0.320398799686039 2.93301713579801 2.81225491177345 3.51041254432063 3.03841893658922 1.1284353277719 1.15745744155497 1.8820117212959 0.700194841042685 2.79046255415131 2.52767766511189 3.16691777582162 1.59691506235066 2.73542622542768 1.98362861404208 2.75229883967415 2.0024487036151 3.14422187557862 3.20213655235034 3.23676003442983 2.14199355944758 0.181920964184439 1.13592135781415 1.41957622241238 0.380224708938925
145 1.86638149693879 1.96739898422455 1.2725419269768 1.32525097820543 1.76012000734539 -0.0306767373743528 -0.192835107986406 -0.588542059537171 0.411264797721953 -1.01234975376007 0.0894503510531891 -1.516724260938 -1.64667319572767 -1.02690248333378 -1.26291661819706 -1.61369437921148 -2.05416147249906 4.1483550026962 2.85857621271276 2.47808361810378 1.37789434607744 2.31903372036328 1.73323124987452 0.211852412844989 0.793675451465959
146 0.259531455767799 1.6968990927448 0.956580409276611 1.78698327772877 0.773665586860752 -0.80007646702413 -0.266808744303482 0.0459840641997284 0.384568606949813 1.29568116576617 0.327872817647646 1.48747647692094 1.31211017558044 -0.754959236507047 -0.906364929615548 -0.0220451461022714 -1.01734070536703 2.2785059709192 0.919798116250937 2.48505561915499 2.36015874762695 2.92573304890712 1.66664535201771 3.01044208572843 2.33110780921366
147 0.16156007091807 1.65931635069887 1.01905448515743 1.44889528910448 1.416847679511 1.62548884201189 2.09738211499625 2.38891532063805 1.37049048099132 2.84730802337957 3.7316502792547 2.31860039336147 1.86565140777191 1.49381911511622 2.09021643905548 0.687025277035678 1.11795110288494 1.30346629561619 1.80110047422712 1.24055912413836 0.880597462498402 1.66333318119469 2.39152037234179 1.52108991826084 2.5269141985531
148 0.931074909335354 3.27401718924084 4.21517352705763 3.04040534407422 3.94103441389628 0.341997272551408 1.38284177268927 0.573415629624713 0.215831836703837 2.03652818823202 1.67760793139525 1.57693318103442 1.90100916701534 1.68000523527407 1.1566791925072 1.81976949263642 0.929829672373692 1.71872363511471 1.27300893399736 1.43916335685941 0.600505890367088 3.21688442644592 2.5756710344789 1.89358372659629 1.0021794272767
149 -0.0599467492596211 -1.90891113190915 -1.77903002906769 -0.951496823261247 0.649517261404801 -2.30536744343474 -1.092059667587 -1.83630671552583 1.18328801282351 1.72381232140253 1.9245334535646 1.74229376557026 2.99926421559179 0.897065398694243 0.325072207288742 -0.172597845661127 1.36148868437651 0.342086230763495 0.713749900103102 -0.113388878411989 1.7970670602198 1.68810235679257 0.222968783008835 -0.468911047103844 1.56959199553
150 0.0487397000774502 0.983672975811098 1.02186835003715 0.724430596201842 0.355954156718602 -2.0006470156547 -0.982043246443037 -2.46850188870363 -1.8752299039345 0.342431279129409 0.635846014949859 -0.299169034265634 -0.498782113593936 -0.149671156547105 0.300284205677795 -0.643144782985638 0.321634006362092 0.550498226192116 0.812046899284759 0.251970800227631 -0.160507716310848 0.190977354951488 0.689421877903705 0.816425912149184 -1.02088428820984
151 -1.07287540073396 5.85563560820508 4.5801512322261 5.57643648649347 3.59016067370094 2.80890495166747 2.85586028741717 2.75670299064413 0.744788341749828 1.04582761833746 0.155619984364005 1.12597006656671 -0.321950443434313 -0.247230893370473 0.310034664962852 -0.189088899765769 -0.507405680297365 0.903040562265986 0.161528572367967 0.810405050057139 0.158108884672088 3.36587706978632 2.46335179392629 2.94338856916829 0.922285118769366
152 -2.29297143048067 5.03998017409702 3.97116584847105 4.33608233501286 2.43438314943467 2.03559953032105 1.65877954489362 0.571029083458757 0.390021587494129 1.73001382629851 2.86493935569105 2.02185002961088 1.32477972013354 4.31960385863472 2.77356859872495 3.79521433102561 2.28146228234958 1.81239792039053 2.00622860153099 2.26176854813928 0.774570663216715 0.00747736489135054 0.589262509397021 0.386961565950935 -0.884703632109879
153 -1.20720685006434 -0.196859928376748 0.179691984964087 -0.1590824300618 1.53004119720629 1.60468477544109 0.854951265888241 0.35620426733846 2.08649456567909 3.09257781339572 1.06130736899449 2.12302548422113 3.01273368977074 1.56356665471964 0.769098095282144 0.0071426970841082 1.94408700839859 1.21063411187994 1.61733225435049 1.2214993483697 1.71527583111509 2.45142086520886 1.9103065700913 0.476504651328319 2.06798855853901
154 0.114109429797191 1.19918256152292 1.78230439194591 0.810598289904419 0.570000610813236 2.27175019525151 1.09774873527528 2.27939529928017 1.76983319878471 -1.28344602910779 -1.27513317189505 -1.74038933868164 -0.782312090996545 -1.48017216357466 0.17786055900199 -0.279767386314786 0.828708456840481 -0.412998310773485 0.959635506433451 0.168280190127456 0.822934337828018 0.299290038389247 -0.323862809711726 1.2549177475203 0.274092389359834
155 -1.03329707910538 -0.105182667697429 0.106368639543857 -0.0581683670321967 -0.0196325995828267 2.19819698181247 0.799768560248856 2.39606730588565 1.64695754871281 1.10477917483761 1.3291927609131 2.29873088614965 1.33160217450921 1.46637068596669 0.52688148151521 2.1107073846557 0.929691385619608 0.318103412876493 -0.187055773635752 1.21194496142376 1.67040640356228 -1.24769935940637 -0.534124526792472 0.818163765154353 0.197065399666731
156 0.688807752342063 3.81641567691091 1.79724866310666 2.00307547247803 2.24480817798913 1.82197875229233 1.15541799872143 1.13370384755516 1.48584130404802 1.25368766087646 1.44043023198874 -0.229090438872535 -0.104144835399432 1.1723009071619 0.687266904394225 0.203013124116593 1.69669193989432 0.39014758700325 1.32028245702679 -0.425753558112758 0.829418770309852 2.52486239964358 2.34320108667309 0.340984868148584 1.49845867717236
157 0.725083017674864 -0.862726640101965 -1.77278020104033 -1.38698237216189 -0.954765508007872 2.14962121743754 -0.103792579888213 0.854710077968581 1.0541729946581 -1.01024139607307 -0.958142959265168 -1.5551989178639 -0.12374972976973 2.27628059274866 0.455365482663965 0.951685194075288 0.623164447746266 0.792861305815322 -0.581129210626049 -0.705665590119835 -1.04364210098527 1.71158721703607 0.255229296828526 1.41502814787019 0.606954053992392
158 0.217380210939088 2.1293134158887 2.476118233836 1.5419909854074 1.8864011063877 0.444823158975295 1.92774156539187 0.0460875976509577 1.11372285224526 -2.30216314001468 -0.126203973952655 -2.19701630505902 -1.42256436306173 0.232001884648419 0.925474310913 -0.275041317924855 0.786041853952448 1.18211192754996 1.96560577475689 1.55782029989343 1.44104771644151 -1.05838392158934 0.0684418687316799 -1.88131762389588 -0.967204173855788
159 -0.201656731618378 2.24563690809884 2.33896800472735 2.206505662731 1.66179811239767 -1.09391279186463 0.677763874594348 -0.801426174765971 0.174502200020607 -1.68205166726395 0.321378898487005 -1.43447891358698 -0.941268878777083 0.0190799400504956 0.824606530268413 -0.488051261427333 0.776475687426232 0.183660926241838 1.75344015588666 0.615900869331442 -0.155272478309004 0.265749923119222 1.11831920256733 0.786694271013192 1.02915631134023
160 -1.36568986058868 2.80799181763897 2.28106595104185 2.95030161723754 1.13631596117468 1.56643037933786 1.33499182205488 1.70378487826234 1.40784116518828 0.774440368020398 2.07952552121908 1.06743217336555 1.61084165525611 0.549309483076488 1.0394871711093 2.37065384154143 1.85602473077528 -0.313476542803338 0.154603980679021 0.488837088530807 0.0897900495276117 3.20543516680647 2.17910723697104 3.15649046191963 1.4803759598801
161 -0.30893760867716 1.8684316332712 1.38410559305152 1.20252741229841 2.40316217518016 3.03285465835822 0.0340288502742748 2.14312755923707 1.15061365490375 -1.72850167238168 -0.75993727143227 -0.422738702127777 -0.535193158154331 0.166970578983807 -0.663319711914318 0.248030611851288 -0.526269594053679 -1.03033453121328 -0.67600040869254 -0.0987224749618533 0.125567919876133 0.0506186589368021 -0.524708623676743 0.478132699495104 1.38591455414737
162 -0.452902886537227 -1.5073552338252 -2.12617032894655 -1.63110054770225 -1.33159712238423 -0.106547371673666 -0.729554770799207 -0.29542630178443 0.135041824638946 -2.35716246571726 -1.64595865119861 -1.95246435889473 -1.42325042283707 2.98914879662817 1.91897052784775 1.52419057508985 1.73805406100893 0.177719218067482 -0.503993467208923 0.151499014464762 1.95359021622599 0.908170737771627 -0.581028498254805 -0.169546275574793 1.38421193565984
163 0.663229144519792 -0.282163874193704 0.381291628586875 0.146139167019521 -0.0972295735359671 -1.15227574794963 -0.734062904036592 -1.10477890495788 -0.202767774104196 0.371562761925394 -0.186067757788276 0.445670182503555 -0.0583654084978717 -0.549729005307637 -0.226836023521698 0.711989880730349 0.154811108071451 0.153741151310899 -0.011366855191648 -0.672144376458732 0.240676986295763 0.681199874948009 -0.13168137408846 0.293962600882073 -0.080281702248712
164 1.3086295367487 2.9224393769201 -0.451943698762417 2.37565894495357 1.02455038311141 4.85034961784378 3.58167518383738 3.90578469937535 3.22096964563958 3.38963114103984 2.63996760739792 3.16704658009605 0.948662677979236 5.52117918872221 3.44621065987994 4.49867502058575 4.01565313037467 4.89832683347575 4.33208272138455 4.12251327518894 2.96139709617901 3.09767080133327 2.17602254391595 2.55600806990369 2.24539315674115
165 0.501040309894498 -2.49129038150638 -2.76985982524251 -1.9240662372263 -3.05230602672808 1.78215863500672 1.33259208144305 2.96702298665787 2.09758321585351 2.60930123956393 0.866404029930246 1.99666495046676 1.41530890317265 2.61210024922303 1.13353629198588 1.97304593173181 2.06471519870785 2.2673336407746 0.416754648632798 2.09319588675109 1.89230156205637 1.52740868044691 2.00049873962829 1.83560286315215 1.717490365813
166 -1.12828853519737 2.0395665618555 3.04787123227147 2.3736033438111 1.80921548195797 0.349653049620186 2.18096588205549 1.32910866452444 1.05910818481281 1.30188710071464 2.93033231405091 2.91129053729658 0.75426144929678 -1.86247620379298 -0.355110470014416 -0.17441527897106 -0.0674939936298019 0.656970979356486 1.42083772758998 0.11992531047805 0.60458095248179 -1.22624894087994 1.08787231031028 -0.0858299142944162 -0.522891689790946
167 1.67099730539817 -1.37256231322714 -1.2363656274809 -0.476425081783539 -1.68817708898156 -0.954037241255002 -0.997773494699366 -0.18972762497991 -0.364868424708826 0.63005933631172 0.188148525986251 0.560906468580278 0.693577882019859 1.74924759705357 -0.180632174695229 1.2358678932915 0.625675274235172 -0.713737981108775 -1.20633916766923 -0.622257791555513 0.737281253670687 -2.28349157963648 -1.73112897728036 -1.13030018616391 -1.33364161269335
168 1.01035303245212 5.04071193032854 3.21911493575351 3.57537902567906 2.83173704542002 4.23954939102756 2.34526012091618 2.93738984777318 1.42793480759394 3.33927577184504 1.26603813292858 1.79790759196005 0.261243039738895 2.20853092580128 0.940214833720794 1.67095772642853 0.0526603533414736 4.50772155453343 2.81956141143285 3.30901603124184 1.50106600696857 3.50092706985478 2.35847902230734 3.56993738413349 1.83238643201811
169 0.223521215874458 1.88015270969882 1.34965364236626 1.71187982473474 0.188209200850492 -0.315754958053534 -0.814557789428052 0.43872451622835 -0.233977570469242 -0.951523083086808 -0.727113384151481 -0.0964401536179981 0.148424564072999 2.19416478690463 1.74738606777397 1.97757536336553 1.0237509131417 3.00237952756336 1.9870511484495 2.25715165219496 1.42510279058292 -0.176245092157946 -0.964034763105527 0.384243322757205 0.0483834709001789
170 -2.20648459320962 -2.18884380305367 -0.800235730825524 -1.70720292912604 -1.52893650634465 -0.97399888260663 -0.287418287191709 -1.5150757298529 -0.386326624532372 -0.744820653275063 0.539785548368257 -0.827222309200919 -0.669235118442089 0.646199312020424 -0.13276736555356 0.21676407295387 1.03575678230226 2.60747272638759 2.14008569320556 0.356498181902968 1.41214580949099 1.02722594039091 0.173178778006883 -0.632508406482977 -0.114568816793864
171 -0.954585618553158 2.09067308225741 1.02432766115122 2.61363246800218 3.03577620134344 0.483910042312884 -1.38738435041893 0.451059730134252 0.372189523663124 -2.29445013088785 -1.52203878939671 -1.10701720857563 -0.753170791842898 -1.11808490836017 -2.71849914980841 -1.45864283982187 -1.17344494054101 -0.13802210785647 -0.483752856241883 0.330110181960951 1.17165368140505 -1.46209116915557 -0.94943922057387 0.0118697902851249 0.220954140375191
172 -0.0685730672102366 3.21101222490046 1.23444851068003 2.34385993818814 3.15639513751313 -0.114141579965001 -0.265153718673845 -0.12462630303765 0.821136420975707 3.29535058374132 1.31299155432641 1.43406273195349 1.92664879462841 3.0494501416801 1.49621639943363 1.93388262129238 3.06581041916517 -0.0915369343548844 -0.178740532904426 0.189133624422983 0.39190670609342 -0.717519705365888 -0.902377277548533 -0.263784447359476 -0.0779846023125828
173 0.76130590156527 2.80170078424512 0.989998653849528 2.94934346020243 1.80228156605832 1.82821945011591 0.290254510825892 1.22082640410493 0.291145833853691 3.77792344625252 1.19024138067134 2.70015772629427 1.98417388709317 2.45122958761026 0.0411842952887473 1.7002153754389 1.17422033029605 1.18658151714737 -0.441058254824293 1.34058984988663 0.330811993825798 -0.473567399497415 -1.20432600827499 0.00338012196282439 0.0474225244995106
174 -1.17990419995829 -0.270510644150041 0.63755034594039 -0.944343991843752 -0.0609118998061264 -1.0346324883154 -0.151919514186592 -1.37870238377268 -2.558319626192 -0.470810951109592 0.594659884422055 -1.12301408667456 -1.95474892892386 -0.654047115500325 0.716352317675138 -0.704978629386254 -1.22157858804375 1.60590642763939 3.0451166091444 0.340621838022803 -0.14775744167458 0.760488506893698 1.01045184537269 1.06762200199067 -0.55710590923892
175 3.21119895676729 0.648080986354545 1.62835972135665 0.940847484375846 0.0894982099051698 1.79158390231067 1.29060461623027 0.859857695170238 -0.249767507165976 1.7806594587122 0.668861577374878 0.475454663771229 -1.02310552409299 1.66289717912827 2.19779120858055 2.67592515125409 -0.00688022211544503 0.176477141731972 -0.735759194666621 -0.88711083162392 -1.10828890657277 3.03165196406924 1.15357300695105 2.13608810720954 0.900305736433179
176 -2.55382485095083 2.64127229733767 1.88045187318034 0.554808919828647 2.13537338904846 2.75106605934262 1.85716184456914 2.02820063243532 1.69865445121457 1.33989818916488 1.46162517442147 1.10557743138737 1.21207967245756 0.00239245185172177 1.38463977234287 0.266917814286026 1.85694656231263 -1.54381923205699 -1.09528046163139 -1.26127433379487 -0.570855997245971 0.97872719636114 0.979351394413715 0.0190768955457001 1.78005781499014
177 -0.235933949334065 0.327335726710329 -0.914673700463183 -0.57179748935974 0.157115570960161 1.13337177577284 0.480668161746766 -0.199917219891062 1.89793665057241 2.00838324231164 -0.320622234835115 1.16184319173108 0.221087854891368 2.86883579666161 1.77421274979112 2.9312182613739 1.49854775889174 1.70002747904128 1.37722906090804 1.26826787801091 1.33904251186056 3.45680721217262 2.25107060326162 3.46445598640453 2.93416204317268
178 -0.259562643261435 2.19677118435657 1.11571530044941 2.31220607252658 1.55410471728088 0.121217200598057 -0.679810302309066 1.55599766534606 -0.173490002389181 1.5030011771746 0.999636032321362 1.66265788287266 1.70817923991981 1.7819319986531 1.42645656060186 3.03294013678468 1.28090289200876 2.11165684584553 2.13628583341421 2.51999740844674 1.73334079724176 -0.28812191439694 -0.888953992815332 -0.0235503428679715 -1.2529998551636
179 -0.663366916619193 1.18218040121675 0.485148064960337 0.87832986117937 0.660545291329241 1.57315197571091 -0.276258606626427 -0.322059601789759 0.17220783745816 0.540579256349162 -0.428525957498777 0.180515077130195 0.972517622258677 -0.363799385830215 -0.875012998011107 -1.80640350410677 -0.124698817508579 0.522407373491744 0.00936124137066896 0.322466786841631 0.306603698666009 2.68119361291823 -0.219700845379383 0.168085153490846 1.53670649006316
180 -0.318990710826149 1.16649191637311 1.2635759242347 1.13595537020061 0.674825044052858 1.98264047061641 2.60342118940438 1.64762482225349 1.09702395064124 1.41948434491286 1.52665948233643 1.49429997787722 -0.199406018729332 2.0023836610786 1.81121022384576 1.80214563215912 0.337506294328121 -1.26731213341302 -0.0555473965328915 -0.494450067978503 -0.696572621359147 3.14724712090124 3.04483663427051 2.55430691510192 2.10978474597277
181 0.742395157572315 -1.62079790480986 0.111669457936254 -1.73156089715482 -1.6161009316103 -0.879869400689762 -0.214636691307747 -0.872079987889506 -1.06215084932737 -1.0052253130323 -0.398719533038602 -1.53146700071468 -0.159631542064886 2.91541364827592 1.44263356599275 0.955180865376755 0.0780724674493792 -0.318445516641086 0.0219850013269189 -1.56856865712815 -0.468428225704133 0.934737242097669 0.903413194386549 -1.01423183167392 -0.253588200726597
182 -0.874292675785773 2.56874328467707 4.03007859306166 3.61694044835285 3.07282036484843 0.881727776865476 0.761570072447996 2.32195133469285 1.02641392087159 -0.748974223415198 0.525002309476242 0.623399414571679 -0.164079171313099 1.30687761935432 1.99702000231048 2.11957463162008 1.31980865024756 -1.38812161191204 0.481306203121204 -0.12042261808662 0.178277115453474 1.5451672619573 2.08631732965497 2.71546948574622 2.24347797551407
183 -2.08281376630328 3.85951824232354 2.59525662042336 2.33419152849687 1.37990347789442 4.45067623950037 3.1587036303301 2.63778429816578 3.24771682119477 3.4766073144599 2.26403601668612 1.61332236655263 0.917377508941433 0.332180138768624 0.863468750507663 0.594051682379399 -0.110772601282796 1.12658660742534 0.422818688585222 0.753483565471995 0.682937511122236 1.15629180570846 1.64811842720289 0.342732130758425 0.0350375324853366
184 0.0937679028102175 -2.17061506255488 -2.75206626047746 -2.79771598391079 -2.08694951417459 -2.36805441082646 -1.22680489341092 -0.852211978546785 -1.59289040258209 -1.148890353481 -0.459594894964826 -1.26017266988576 -0.850205103420226 0.658935701488151 -0.470517308526675 0.166692116278475 -1.42395776504141 -1.85994739699489 -1.74009878006648 -2.53807135278187 -2.36816605391642 -1.92692381488644 -1.48529251923922 -1.83989630877577 -1.60438611664718
185 -0.00181981200279561 2.06401971169611 0.722833182359409 1.05275573062209 1.20597190158579 0.0330911792674251 0.294639695844241 0.177189029622109 0.0715518466915135 1.90516566329838 1.28656590386857 1.03441978030174 0.741950664054278 1.90003321852351 1.75541818092144 1.91799686570044 2.04650348623852 -0.0212528766723789 0.490143296215507 -0.0891420132148228 0.791068795689432 2.65414339904499 1.27676047756705 1.95710181539158 2.1024993699854
186 -0.013100652371574 -0.298969303554768 0.240251681210777 0.230558667457172 0.923847401601947 0.263153031511339 0.958201052138669 0.156806671086919 1.44962665863505 -0.921498984006945 -0.248554617986054 -0.848863266592674 -0.601216840238224 -2.13958159693411 -1.00465309369694 -1.90707777715616 -0.568198254110708 -1.0820999716286 0.294961389522185 0.00677344380130027 1.18168688302976 -0.143506239352605 -0.83866163930274 -0.389276100710731 0.823272785994228
187 0.667968074558104 2.50062673947493 2.64130089125972 0.31037680968754 1.16699094347565 1.63672120381796 3.11743017430114 1.90751171000584 2.31576071956309 3.85177595183549 2.57893567344357 1.82449070019429 1.37715902946057 5.74836219288115 5.18685369865131 5.80077665188588 4.51903698755044 5.228307081662 6.00262845465626 5.04119013754727 4.55760226052281 4.45985775829135 3.69018411842251 2.64852402014887 1.35335529749993
188 -0.0131677029521626 0.858329975343569 0.077835281992063 -0.188810746501029 0.971148230859738 2.7009558681035 0.734253962354589 1.37794397369342 2.04250752604595 1.66036525177483 1.14192145788628 -0.152503683084222 1.38412127703369 -0.995769276172987 -1.5500125911073 -2.31035270307647 -1.08253003077945 -0.713922972014471 -2.13339064946958 -1.5108197420282 -1.34340890267572 1.89540894440593 0.0231249835123477 0.77071587769966 1.22477348620738
189 0.776047030476303 -0.306293818564968 -0.00797094240978551 -0.113042881514829 -0.317616446333366 0.341137721484553 0.553582405668668 0.121951787480112 -1.28922658928554 1.07464025694994 0.89176228046539 1.75885612879787 -0.488630882062672 0.0714375844517909 1.04958088453278 0.976783410262764 -1.3815415445993 -0.327177053736561 1.08414542770732 1.21584131722662 -0.250813667489742 0.15714115084775 0.65556912245529 -0.288068985726646 -0.268386885829711
190 -2.01073533263526 -1.70191444531682 -1.15448405194415 -1.70454534739269 -1.96049196657924 -1.51212144636825 -0.795495266171661 -1.00193059784444 -1.206808674826 -0.549918955182738 1.08409657041336 0.0283387738647556 -1.76362734970909 1.29401986422063 2.0478404198752 0.755595494971146 -0.00297154464780824 0.235526505024242 0.430793548125074 0.262822961263471 0.266118297502115 -1.08783337905163 -0.020852361152109 -1.83149064216519 -1.17509105363854
191 -1.1281804949718 0.697357222613771 -1.00680748172439 0.151488964937226 1.01881217031306 1.13115271596457 0.723095105986285 0.409777119827661 1.25271257497741 0.339164435084038 -0.444902487680171 -0.673135817587058 0.0917267840023407 1.46050480938341 1.91673718248625 0.292438939886169 1.94633635911415 2.61863227885383 2.3305226972816 1.78987061735452 2.33737679510326 0.600094100301281 -0.0414274332426727 -0.704570596443451 -0.296922993341625
192 0.34879957158572 3.27935783619915 2.18965910892045 0.906173659261845 1.52383737179919 -0.978288886555249 -0.179889974448128 -0.758914280995869 0.0629892440930912 3.62317402675658 2.43794420343946 3.00212318471843 3.07073386759861 3.20389041505803 3.63222896294759 2.61823878951227 2.38693270320298 2.02328053228439 1.92768107473948 0.856602477996625 1.04716627644812 -0.680245187789696 -0.997718153207619 -1.18490568962319 -1.59808972523581
193 -0.352898482096924 -2.2418864916466 -2.0742024508405 -2.25293195260553 -2.35317104813528 -0.522013138469332 0.55573224492811 -0.21463655685171 0.0435509457716813 1.68531446812833 1.75464578677206 0.939542827011848 1.19342252831792 -1.92914139486873 -1.85242704214418 -1.59488202151619 -1.68368705458044 1.67374695672824 1.65461226586388 0.253624630131997 0.588805881607195 2.14873863490247 1.0118577485965 1.76014873857833 0.734548288531886
194 0.944774597917623 1.26814735044841 1.72922824179527 2.56443963506059 0.80786991180939 1.36145608585663 -0.450544248796204 -0.74489231871573 -1.5832520540289 1.69222367295246 0.220769361992773 -0.41086456684202 -0.483258538226987 -1.51415922999466 -2.64463918284733 -2.10023385739124 -2.0180920299665 3.36765932505971 1.24076108330999 1.71799490883686 1.22041188861973 -0.101462935596212 -1.08664804662526 -0.0611024419140002 -0.54392346978817
195 -1.00471985252646 1.28528566355391 1.29328327772711 1.42906263614499 1.01109557690595 -0.553644491343783 -1.48682766613698 -0.482772223636784 -1.00762700516671 -0.101879954257567 -0.0613256666535312 -0.448661881603767 -1.48349696192126 0.56895438367882 -0.705726886059743 0.380881421336487 -0.450431869696259 -1.786465000869 -1.78848661686305 -0.981591117059188 -0.902997449648837 0.119435721679852 -0.700788392838079 -0.210957584093545 -0.381096479851989
196 0.723902732496846 1.77693520433118 2.3429104129362 0.718234200597726 1.38136913261073 -0.438142966379124 0.285881555803624 -0.17489008805442 -0.0305579406336197 1.70618094324465 1.39083335470525 0.953773557314193 1.01294833581733 -1.10211165642328 -0.769600727465812 -1.21111758785009 -0.711634573036036 1.04603114591965 1.34820253577041 0.747415146985482 0.923769542573579 -0.910750386805142 0.410177301319822 -0.592272359339354 0.230672671192064
197 -0.668832740990364 -2.71282031226372 -2.43587849867703 -4.11764306555397 -2.03254165003152 -0.281265063464235 -0.0763054439662542 -1.13537591492062 0.540950627958567 2.12027943013598 0.56069250713592 0.227635272510206 1.32872071233133 -0.544427436918726 -1.01333660837594 -1.9482194359258 -0.444173203628289 -1.6544774519012 -1.32590661059447 -2.59570828645289 -0.645067786570886 -1.95540176762636 -2.37785625819151 -3.20443491737153 -2.31943559019749
198 -1.1130401937158 -1.68727616118522 -0.619805546281679 0.314314730795318 -0.0998356436315478 -0.679296724179328 -0.327727433432687 0.728929223178508 -0.0287337034530605 1.66373270047263 1.42202450794823 1.2201478893538 2.46223715520505 2.27858957106072 2.13507493474074 3.60017641705123 3.2395144328973 -2.45357894081231 -0.917402146485787 0.0615191590385102 -0.272021156400783 -1.26715818465521 -1.30266145181648 0.51446286404536 0.254855692279269
199 -0.342805189366945 -0.491603513320954 1.12054316138967 -0.13464066777146 -0.372680927136118 2.15798763579661 2.2052379654716 3.00963005214566 0.835554609915589 1.44214308020616 2.14852879895645 1.66428963148391 0.964931533747102 0.547615238946337 1.30491147246441 0.556207234841189 -0.0575382876094538 3.56491372997663 2.93554394112752 2.66088735704108 1.64646284356043 2.75307869132312 3.70975110989778 3.08196336382465 1.10220087523085
200 0.0497793231687396 1.96711837090276 2.62956611208429 2.71348371904572 2.23002632252511 0.786882939200231 1.58492560637084 1.87041308128387 1.9755150092217 1.48036622383737 1.24276065201857 1.28046205950032 1.58745503625922 -0.16537290961271 1.41008305581384 0.896005482393804 0.46574906863282 3.41823009056393 3.44888011171075 3.1755600434656 2.35142981845818 -0.131574394763077 1.33982131493287 0.0202777597732891 0.5296704648133
